cp80.txt
0.0,-0.9965 
0.0010000000000000009,-0.605 
0.001999999999999988,-0.5359 
0.002999999999999989,-0.4838 
0.00399999999999999,-0.4411 
0.0049999999999999906,-0.4043 
0.0059999999999999915,-0.3715 
0.006999999999999992,-0.3416 
0.007999999999999993,-0.3143 
0.008999999999999994,-0.2891 
0.009999999999999995,-0.266 
0.010999999999999996,-0.2446 
0.011999999999999997,-0.2242 
0.012999999999999998,-0.2038 
0.013999999999999999,-0.1838 
0.015,-0.1673 
0.016,-0.154 
0.016999999999999987,-0.1401 
0.017999999999999988,-0.1256 
0.01899999999999999,-0.1134 
0.01999999999999999,-0.1076 
0.02099999999999999,-0.09933 
0.021999999999999992,-0.08999 
0.022999999999999993,-0.08059 
0.023999999999999994,-0.07133 
0.024999999999999994,-0.06243 
0.025999999999999995,-0.05383 
0.026999999999999996,-0.04545 
0.027999999999999997,-0.03731 
0.028999999999999998,-0.02925 
0.03,-0.02143 
0.031,-0.01362 
0.032,-0.006182 
0.03299999999999999,-0.283 
0.03399999999999999,-0.378 
0.03499999999999999,-0.4598 
0.03599999999999999,-0.5237 
0.03699999999999999,-0.5749 
0.03799999999999999,-0.6176 
0.03899999999999999,-0.6544 
0.039999999999999994,-0.6873 
0.040999999999999995,-0.717 
0.041999999999999996,-0.7434 
0.043,-0.7664 
0.044,-0.7874 
0.045,-0.8083 
0.046,-0.8282 
0.047,-0.847 
0.048,-0.8653 
0.04899999999999999,-0.8839 
0.04999999999999999,-0.9016 
0.05099999999999999,-0.9162 
0.05199999999999999,-0.9296 
0.05299999999999999,-0.9417 
0.05399999999999999,-0.9522 
0.05499999999999999,-0.9622 
0.055999999999999994,-0.9725 
0.056999999999999995,-0.9829 
0.057999999999999996,-0.9931 
