cp30.txt
0.0,-0.9999 
0.0009999999999998899,-0.6924 
0.002000000000000224,-0.6787 
0.0030000000000001137,-0.6685 
0.0040000000000000036,-0.6606 
0.004999999999999893,-0.6517 
0.006000000000000227,-0.6441 
0.007000000000000117,-0.6373 
0.008000000000000007,-0.631 
0.008999999999999897,-0.6251 
0.010000000000000231,-0.6197 
0.01100000000000012,-0.6147 
0.01200000000000001,-0.6102 
0.0129999999999999,-0.6059 
0.014000000000000234,-0.6016 
0.015000000000000124,-0.5972 
0.016000000000000014,-0.5928 
0.016999999999999904,-0.5885 
0.018000000000000238,-0.5843 
0.019000000000000128,-0.5802 
0.020000000000000018,-0.5763 
0.020999999999999908,-0.5725 
0.02200000000000024,-0.5687 
0.02300000000000013,-0.5651 
0.02400000000000002,-0.5615 
0.02499999999999991,-0.5581 
0.026000000000000245,-0.5548 
0.027000000000000135,-0.5516 
0.028000000000000025,-0.5484 
0.028999999999999915,-0.5453 
0.03000000000000025,-0.5423 
0.03100000000000014,-0.5393 
0.03200000000000003,-0.5364 
0.03299999999999992,-0.5335 
0.03400000000000025,-0.5307 
0.03500000000000014,-0.5281 
0.03600000000000003,-0.5254 
0.03699999999999992,-0.5228 
0.038000000000000256,-0.5202 
0.039000000000000146,-0.5177 
0.040000000000000036,-0.5152 
0.040999999999999925,-0.5128 
0.04200000000000026,-0.5105 
0.04300000000000015,-0.5081 
0.04400000000000004,-0.5058 
0.04499999999999993,-0.5035 
0.04600000000000026,-0.5013 
0.04700000000000015,-0.4991 
0.04800000000000004,-0.4969 
0.04899999999999993,-0.4948 
0.050000000000000266,-0.4926 
0.051000000000000156,-0.4906 
0.052000000000000046,-0.4885 
0.052999999999999936,-0.4865 
0.05400000000000027,-0.4845 
0.05500000000000016,-0.4825 
0.05600000000000005,-0.4806 
0.05699999999999994,-0.4787 
0.058000000000000274,-0.4768 
0.05900000000000016,-0.4749 
0.06000000000000005,-0.473 
0.06099999999999994,-0.4713 
0.06200000000000028,-0.4694 
0.06300000000000017,-0.4676 
0.06400000000000006,-0.4659 
0.06499999999999995,-0.4641 
0.06600000000000028,-0.4624 
0.06700000000000017,-0.4606 
0.06800000000000006,-0.459 
0.06899999999999995,-0.4573 
0.07000000000000028,-0.4556 
0.07100000000000017,-0.454 
0.07200000000000006,-0.4523 
0.07299999999999995,-0.4508 
0.07400000000000029,-0.4491 
0.07500000000000018,-0.4476 
0.07600000000000007,-0.446 
0.07699999999999996,-0.4444 
0.07800000000000029,-0.4429 
0.07900000000000018,-0.4414 
0.08000000000000007,-0.4399 
0.08099999999999996,-0.4383 
0.0820000000000003,-0.4369 
0.08300000000000018,-0.4354 
0.08400000000000007,-0.434 
0.08499999999999996,-0.4325 
0.0860000000000003,-0.4311 
0.08700000000000019,-0.4297 
0.08800000000000008,-0.4282 
0.08899999999999997,-0.4268 
0.0900000000000003,-0.4254 
0.09100000000000019,-0.424 
0.09200000000000008,-0.4227 
0.09299999999999997,-0.4213 
0.0940000000000003,-0.42 
0.0950000000000002,-0.4186 
0.09600000000000009,-0.4172 
0.09699999999999998,-0.4159 
0.09800000000000031,-0.4146 
0.0990000000000002,-0.4132 
0.10000000000000009,-0.4119 
0.10099999999999998,-0.4106 
0.10200000000000031,-0.4093 
0.1030000000000002,-0.408 
0.10400000000000009,-0.4067 
0.10499999999999998,-0.4055 
0.10600000000000032,-0.4042 
0.1070000000000002,-0.4029 
0.1080000000000001,-0.4017 
0.10899999999999999,-0.4004 
0.11000000000000032,-0.3992 
0.11100000000000021,-0.398 
0.1120000000000001,-0.3968 
0.11299999999999999,-0.3956 
0.11400000000000032,-0.3944 
0.11500000000000021,-0.3932 
0.1160000000000001,-0.3921 
0.11699999999999999,-0.3909 
0.11800000000000033,-0.3898 
0.11900000000000022,-0.3887 
0.1200000000000001,-0.3876 
0.121,-0.3865 
0.12199999999999989,-0.3854 
0.12300000000000022,-0.3843 
0.12400000000000011,-0.3832 
0.125,-0.3822 
0.1259999999999999,-0.3812 
0.12700000000000022,-0.3803 
0.1280000000000001,-0.3794 
0.129,-0.3786 
0.1299999999999999,-0.3778 
0.13100000000000023,-0.3769 
0.13200000000000012,-0.3761 
0.133,-0.3753 
0.1339999999999999,-0.3744 
0.13500000000000023,-0.3735 
0.13600000000000012,-0.3726 
0.137,-0.3716 
0.1379999999999999,-0.3707 
0.13900000000000023,-0.3698 
0.14000000000000012,-0.3688 
0.14100000000000001,-0.3679 
0.1419999999999999,-0.3669 
0.14300000000000024,-0.3659 
0.14400000000000013,-0.365 
0.14500000000000002,-0.364 
0.1459999999999999,-0.363 
0.14700000000000024,-0.362 
0.14800000000000013,-0.361 
0.14900000000000002,-0.36 
0.1499999999999999,-0.3589 
0.15100000000000025,-0.3579 
0.15200000000000014,-0.3568 
0.15300000000000002,-0.3557 
0.15399999999999991,-0.3545 
0.15500000000000025,-0.3532 
0.15600000000000014,-0.3519 
0.15700000000000003,-0.3505 
0.15799999999999992,-0.3492 
0.15900000000000025,-0.3478 
0.16000000000000014,-0.3467 
0.16100000000000003,-0.3456 
0.16199999999999992,-0.3449 
0.16300000000000026,-0.3443 
0.16400000000000015,-0.3438 
0.16500000000000004,-0.3432 
0.16599999999999993,-0.3426 
0.16700000000000026,-0.342 
0.16800000000000015,-0.3414 
0.16900000000000004,-0.3407 
0.16999999999999993,-0.34 
0.17100000000000026,-0.3391 
0.17200000000000015,-0.3384 
0.17300000000000004,-0.3377 
0.17399999999999993,-0.337 
0.17500000000000027,-0.3365 
0.17600000000000016,-0.3359 
0.17700000000000005,-0.3355 
0.17799999999999994,-0.335 
0.17900000000000027,-0.3346 
0.18000000000000016,-0.3341 
0.18100000000000005,-0.3336 
0.18199999999999994,-0.333 
0.18300000000000027,-0.3324 
0.18400000000000016,-0.3318 
0.18500000000000005,-0.3311 
0.18599999999999994,-0.3305 
0.18700000000000028,-0.3298 
0.18800000000000017,-0.3292 
0.18900000000000006,-0.3285 
0.18999999999999995,-0.3278 
0.19100000000000028,-0.3271 
0.19200000000000017,-0.3264 
0.19300000000000006,-0.3257 
0.19399999999999995,-0.3251 
0.19500000000000028,-0.3244 
0.19600000000000017,-0.3237 
0.19700000000000006,-0.323 
0.19799999999999995,-0.3224 
0.1990000000000003,-0.3217 
0.20000000000000018,-0.321 
0.20100000000000007,-0.3203 
0.20199999999999996,-0.3197 
0.2030000000000003,-0.319 
0.20400000000000018,-0.3183 
0.20500000000000007,-0.3177 
0.20599999999999996,-0.317 
0.2070000000000003,-0.3164 
0.20800000000000018,-0.3157 
0.20900000000000007,-0.315 
0.20999999999999996,-0.3144 
0.2110000000000003,-0.3137 
0.2120000000000002,-0.3131 
0.21300000000000008,-0.3124 
0.21399999999999997,-0.3118 
0.2150000000000003,-0.3111 
0.2160000000000002,-0.3105 
0.21700000000000008,-0.3099 
0.21799999999999997,-0.3092 
0.2190000000000003,-0.3085 
0.2200000000000002,-0.3079 
0.22100000000000009,-0.3073 
0.22199999999999998,-0.3067 
0.2230000000000003,-0.306 
0.2240000000000002,-0.3054 
0.2250000000000001,-0.3048 
0.22599999999999998,-0.3042 
0.2270000000000003,-0.3035 
0.2280000000000002,-0.3029 
0.2290000000000001,-0.3023 
0.22999999999999998,-0.3017 
0.23100000000000032,-0.3011 
0.2320000000000002,-0.3004 
0.2330000000000001,-0.2999 
0.23399999999999999,-0.2993 
0.23500000000000032,-0.2987 
0.2360000000000002,-0.2981 
0.2370000000000001,-0.2975 
0.238,-0.2969 
0.23900000000000032,-0.2962 
0.2400000000000002,-0.2957 
0.2410000000000001,-0.2951 
0.242,-0.2945 
0.24300000000000033,-0.2939 
0.24400000000000022,-0.2933 
0.2450000000000001,-0.2927 
0.246,-0.2922 
0.2469999999999999,-0.2916 
0.24800000000000022,-0.2911 
0.2490000000000001,-0.2904 
0.25,-0.2899 
0.2509999999999999,-0.2893 
0.2520000000000002,-0.2887 
0.2530000000000001,-0.2882 
0.254,-0.2876 
0.2549999999999999,-0.287 
0.2560000000000002,-0.2864 
0.2570000000000001,-0.2859 
0.258,-0.2853 
0.2589999999999999,-0.2848 
0.26000000000000023,-0.2842 
0.2610000000000001,-0.2836 
0.262,-0.2831 
0.2629999999999999,-0.2826 
0.26400000000000023,-0.2821 
0.2650000000000001,-0.2815 
0.266,-0.2809 
0.2669999999999999,-0.2805 
0.26800000000000024,-0.2799 
0.26900000000000013,-0.2794 
0.27,-0.2788 
0.2709999999999999,-0.2783 
0.27200000000000024,-0.2777 
0.27300000000000013,-0.2772 
0.274,-0.2767 
0.2749999999999999,-0.2761 
0.27600000000000025,-0.2756 
0.27700000000000014,-0.2751 
0.278,-0.2746 
0.2789999999999999,-0.2741 
0.28000000000000025,-0.2735 
0.28100000000000014,-0.273 
0.28200000000000003,-0.2725 
0.2829999999999999,-0.272 
0.28400000000000025,-0.2715 
0.28500000000000014,-0.2709 
0.28600000000000003,-0.2705 
0.2869999999999999,-0.2699 
0.28800000000000026,-0.2694 
0.28900000000000015,-0.2689 
0.29000000000000004,-0.2684 
0.2909999999999999,-0.2679 
0.29200000000000026,-0.2674 
0.29300000000000015,-0.2669 
0.29400000000000004,-0.2663 
0.29499999999999993,-0.2659 
0.29600000000000026,-0.2654 
0.29700000000000015,-0.2649 
0.29800000000000004,-0.2644 
0.29899999999999993,-0.2639 
0.30000000000000027,-0.2634 
0.30100000000000016,-0.2629 
0.30200000000000005,-0.2624 
0.30299999999999994,-0.2619 
0.30400000000000027,-0.2614 
0.30500000000000016,-0.261 
0.30600000000000005,-0.2605 
0.30699999999999994,-0.26 
0.3080000000000003,-0.2595 
0.30900000000000016,-0.259 
0.31000000000000005,-0.2585 
0.31099999999999994,-0.2581 
0.3120000000000003,-0.2576 
0.31300000000000017,-0.2571 
0.31400000000000006,-0.2567 
0.31499999999999995,-0.2562 
0.3160000000000003,-0.2557 
0.31700000000000017,-0.2552 
0.31800000000000006,-0.2548 
0.31899999999999995,-0.2543 
0.3200000000000003,-0.2538 
0.3210000000000002,-0.2534 
0.32200000000000006,-0.2529 
0.32299999999999995,-0.2524 
0.3240000000000003,-0.252 
0.3250000000000002,-0.2515 
0.32600000000000007,-0.2511 
0.32699999999999996,-0.2506 
0.3280000000000003,-0.2501 
0.3290000000000002,-0.2496 
0.33000000000000007,-0.2492 
0.33099999999999996,-0.2487 
0.3320000000000003,-0.2483 
0.3330000000000002,-0.2478 
0.3340000000000001,-0.2474 
0.33499999999999996,-0.2469 
0.3360000000000003,-0.2465 
0.3370000000000002,-0.246 
0.3380000000000001,-0.2456 
0.33899999999999997,-0.2451 
0.3400000000000003,-0.2447 
0.3410000000000002,-0.2443 
0.3420000000000001,-0.2438 
0.34299999999999997,-0.2434 
0.3440000000000003,-0.2429 
0.3450000000000002,-0.2426 
0.3460000000000001,-0.2421 
0.347,-0.2416 
0.3480000000000003,-0.2412 
0.3490000000000002,-0.2408 
0.3500000000000001,-0.2403 
0.351,-0.2399 
0.3520000000000003,-0.2395 
0.3530000000000002,-0.2391 
0.3540000000000001,-0.2386 
0.355,-0.2382 
0.3560000000000003,-0.2378 
0.3570000000000002,-0.2374 
0.3580000000000001,-0.2369 
0.359,-0.2365 
0.3600000000000003,-0.2361 
0.3610000000000002,-0.2356 
0.3620000000000001,-0.2352 
0.363,-0.2348 
0.3640000000000003,-0.2344 
0.3650000000000002,-0.234 
0.3660000000000001,-0.2335 
0.367,-0.2331 
0.3680000000000003,-0.2327 
0.3690000000000002,-0.2323 
0.3700000000000001,-0.2319 
0.371,-0.2315 
0.3719999999999999,-0.231 
0.3730000000000002,-0.2306 
0.3740000000000001,-0.2302 
0.375,-0.2298 
0.3759999999999999,-0.2294 
0.3770000000000002,-0.229 
0.3780000000000001,-0.2286 
0.379,-0.2281 
0.3799999999999999,-0.2278 
0.3810000000000002,-0.2273 
0.3820000000000001,-0.2269 
0.383,-0.2265 
0.3839999999999999,-0.2261 
0.38500000000000023,-0.2257 
0.3860000000000001,-0.2253 
0.387,-0.2249 
0.3879999999999999,-0.2245 
0.38900000000000023,-0.2241 
0.3900000000000001,-0.2238 
0.391,-0.2234 
0.3919999999999999,-0.223 
0.39300000000000024,-0.2226 
0.39400000000000013,-0.2222 
0.395,-0.2218 
0.3959999999999999,-0.2214 
0.39700000000000024,-0.221 
0.39800000000000013,-0.2206 
0.399,-0.2202 
0.3999999999999999,-0.2198 
0.40100000000000025,-0.2194 
0.40200000000000014,-0.219 
0.403,-0.2186 
0.4039999999999999,-0.2183 
0.40500000000000025,-0.2179 
0.40600000000000014,-0.2175 
0.40700000000000003,-0.2171 
0.4079999999999999,-0.2167 
0.40900000000000025,-0.2164 
0.41000000000000014,-0.216 
0.41100000000000003,-0.2156 
0.4119999999999999,-0.2152 
0.41300000000000026,-0.2148 
0.41400000000000015,-0.2145 
0.41500000000000004,-0.2141 
0.4159999999999999,-0.2137 
0.41700000000000026,-0.2133 
0.41800000000000015,-0.2129 
0.41900000000000004,-0.2126 
0.41999999999999993,-0.2122 
0.42100000000000026,-0.2118 
0.42200000000000015,-0.2114 
0.42300000000000004,-0.2111 
0.42399999999999993,-0.2107 
0.42500000000000027,-0.2103 
0.42600000000000016,-0.2099 
0.42700000000000005,-0.2096 
0.42799999999999994,-0.2092 
0.42900000000000027,-0.2088 
0.43000000000000016,-0.2085 
0.43100000000000005,-0.2081 
0.43199999999999994,-0.2077 
0.4330000000000003,-0.2073 
0.43400000000000016,-0.207 
0.43500000000000005,-0.2067 
0.43599999999999994,-0.2063 
0.4370000000000003,-0.2059 
0.43800000000000017,-0.2056 
0.43900000000000006,-0.2052 
0.43999999999999995,-0.2048 
0.4410000000000003,-0.2045 
0.44200000000000017,-0.2041 
0.44300000000000006,-0.2037 
0.44399999999999995,-0.2034 
0.4450000000000003,-0.203 
0.4460000000000002,-0.2027 
0.44700000000000006,-0.2023 
0.44799999999999995,-0.202 
0.4490000000000003,-0.2016 
0.4500000000000002,-0.2013 
0.45100000000000007,-0.2009 
0.45199999999999996,-0.2006 
0.4530000000000003,-0.2002 
0.4540000000000002,-0.1999 
0.45500000000000007,-0.1995 
0.45599999999999996,-0.1992 
0.4570000000000003,-0.1988 
0.4580000000000002,-0.1984 
0.4590000000000001,-0.1981 
0.45999999999999996,-0.1977 
0.4610000000000003,-0.1974 
0.4620000000000002,-0.1971 
0.4630000000000001,-0.1967 
0.46399999999999997,-0.1964 
0.4650000000000003,-0.196 
0.4660000000000002,-0.1957 
0.4670000000000001,-0.1953 
0.46799999999999997,-0.195 
0.4690000000000003,-0.1946 
0.4700000000000002,-0.1943 
0.4710000000000001,-0.1939 
0.472,-0.1936 
0.4730000000000003,-0.1933 
0.4740000000000002,-0.1929 
0.4750000000000001,-0.1926 
0.476,-0.1922 
0.4770000000000003,-0.1919 
0.4780000000000002,-0.1915 
0.4790000000000001,-0.1912 
0.48,-0.1909 
0.4810000000000003,-0.1905 
0.4820000000000002,-0.1902 
0.4830000000000001,-0.1898 
0.484,-0.1895 
0.4850000000000003,-0.1892 
0.4860000000000002,-0.1888 
0.4870000000000001,-0.1885 
0.488,-0.1882 
0.4890000000000003,-0.1878 
0.4900000000000002,-0.1875 
0.4910000000000001,-0.1871 
0.492,-0.1868 
0.4930000000000003,-0.1865 
0.4940000000000002,-0.1862 
0.4950000000000001,-0.1858 
0.496,-0.1855 
0.4969999999999999,-0.1852 
0.4980000000000002,-0.1848 
0.4990000000000001,-0.1845 
0.5,-0.1842 
0.5009999999999999,-0.1839 
0.5020000000000002,-0.1835 
0.5030000000000001,-0.1832 
0.504,-0.1829 
0.5049999999999999,-0.1825 
0.5060000000000002,-0.1822 
0.5070000000000001,-0.1819 
0.508,-0.1816 
0.5089999999999999,-0.1812 
0.5100000000000002,-0.1809 
0.5110000000000001,-0.1806 
0.512,-0.1803 
0.5129999999999999,-0.18 
0.5140000000000002,-0.1796 
0.5150000000000001,-0.1793 
0.516,-0.179 
0.5169999999999999,-0.1786 
0.5180000000000002,-0.1784 
0.5190000000000001,-0.178 
0.52,-0.1777 
0.5209999999999999,-0.1774 
0.5220000000000002,-0.1771 
0.5230000000000001,-0.1767 
0.524,-0.1764 
0.5249999999999999,-0.1761 
0.5260000000000002,-0.1758 
0.5270000000000001,-0.1755 
0.528,-0.1751 
0.5289999999999999,-0.1748 
0.5300000000000002,-0.1745 
0.5310000000000001,-0.1742 
0.532,-0.1739 
0.5329999999999999,-0.1736 
0.5340000000000003,-0.1733 
0.5350000000000001,-0.1729 
0.536,-0.1726 
0.5369999999999999,-0.1723 
0.5380000000000003,-0.172 
0.5390000000000001,-0.1717 
0.54,-0.1714 
0.5409999999999999,-0.171 
0.5420000000000003,-0.1708 
0.5430000000000001,-0.1704 
0.544,-0.1701 
0.5449999999999999,-0.1698 
0.5460000000000003,-0.1695 
0.5470000000000002,-0.1692 
0.548,-0.1689 
0.5489999999999999,-0.1685 
0.5500000000000003,-0.1682 
0.5510000000000002,-0.168 
0.552,-0.1677 
0.5529999999999999,-0.1674 
0.5540000000000003,-0.167 
0.5550000000000002,-0.1667 
0.556,-0.1664 
0.5569999999999999,-0.1661 
0.5580000000000003,-0.1658 
0.5590000000000002,-0.1655 
0.56,-0.1652 
0.5609999999999999,-0.1649 
0.5620000000000003,-0.1646 
0.5630000000000002,-0.1643 
0.5640000000000001,-0.164 
0.565,-0.1637 
0.5660000000000003,-0.1634 
0.5670000000000002,-0.1631 
0.5680000000000001,-0.1628 
0.569,-0.1625 
0.5700000000000003,-0.1622 
0.5710000000000002,-0.1619 
0.5720000000000001,-0.1616 
0.573,-0.1613 
0.5740000000000003,-0.161 
0.5750000000000002,-0.1607 
0.5760000000000001,-0.1604 
0.577,-0.1601 
0.5780000000000003,-0.1598 
0.5790000000000002,-0.1595 
0.5800000000000001,-0.1592 
0.581,-0.1589 
0.5820000000000003,-0.1586 
0.5830000000000002,-0.1583 
0.5840000000000001,-0.1581 
0.585,-0.1578 
0.5860000000000003,-0.1575 
0.5870000000000002,-0.1571 
0.5880000000000001,-0.1569 
0.589,-0.1566 
0.5900000000000003,-0.1563 
0.5910000000000002,-0.156 
0.5920000000000001,-0.1557 
0.593,-0.1554 
0.5940000000000003,-0.1551 
0.5950000000000002,-0.1548 
0.5960000000000001,-0.1545 
0.597,-0.1542 
0.5980000000000003,-0.1539 
0.5990000000000002,-0.1536 
0.6000000000000001,-0.1533 
0.601,-0.1531 
0.6020000000000003,-0.1527 
0.6030000000000002,-0.1525 
0.6040000000000001,-0.1522 
0.605,-0.1519 
0.6060000000000003,-0.1516 
0.6070000000000002,-0.1513 
0.6080000000000001,-0.151 
0.609,-0.1507 
0.6100000000000003,-0.1504 
0.6110000000000002,-0.1501 
0.6120000000000001,-0.1498 
0.613,-0.1495 
0.6140000000000003,-0.1493 
0.6150000000000002,-0.149 
0.6160000000000001,-0.1487 
0.617,-0.1484 
0.6180000000000003,-0.1481 
0.6190000000000002,-0.1478 
0.6200000000000001,-0.1475 
0.621,-0.1473 
0.6219999999999999,-0.147 
0.6230000000000002,-0.1467 
0.6240000000000001,-0.1464 
0.625,-0.1461 
0.6259999999999999,-0.1458 
0.6270000000000002,-0.1456 
0.6280000000000001,-0.1453 
0.629,-0.145 
0.6299999999999999,-0.1447 
0.6310000000000002,-0.1444 
0.6320000000000001,-0.1441 
0.633,-0.1439 
0.6339999999999999,-0.1436 
0.6350000000000002,-0.1433 
0.6360000000000001,-0.1431 
0.637,-0.1428 
0.6379999999999999,-0.1424 
0.6390000000000002,-0.1421 
0.6400000000000001,-0.1419 
0.641,-0.1416 
0.6419999999999999,-0.1413 
0.6430000000000002,-0.1411 
0.6440000000000001,-0.1408 
0.645,-0.1405 
0.6459999999999999,-0.1402 
0.6470000000000002,-0.1399 
0.6480000000000001,-0.1397 
0.649,-0.1394 
0.6499999999999999,-0.1391 
0.6510000000000002,-0.1388 
0.6520000000000001,-0.1386 
0.653,-0.1383 
0.6539999999999999,-0.138 
0.6550000000000002,-0.1378 
0.6560000000000001,-0.1374 
0.657,-0.1372 
0.6579999999999999,-0.1369 
0.6590000000000003,-0.1366 
0.6600000000000001,-0.1364 
0.661,-0.1361 
0.6619999999999999,-0.1358 
0.6630000000000003,-0.1355 
0.6640000000000001,-0.1352 
0.665,-0.135 
0.6659999999999999,-0.1347 
0.6670000000000003,-0.1344 
0.6680000000000001,-0.1341 
0.669,-0.1339 
0.6699999999999999,-0.1336 
0.6710000000000003,-0.1333 
0.6720000000000002,-0.133 
0.673,-0.1328 
0.6739999999999999,-0.1325 
0.6750000000000003,-0.1322 
0.6760000000000002,-0.1319 
0.677,-0.1316 
0.6779999999999999,-0.1314 
0.6790000000000003,-0.1311 
0.6800000000000002,-0.1309 
0.681,-0.1306 
0.6819999999999999,-0.1303 
0.6830000000000003,-0.13 
0.6840000000000002,-0.1297 
0.685,-0.1295 
0.6859999999999999,-0.1293 
0.6870000000000003,-0.1289 
0.6880000000000002,-0.1287 
0.6890000000000001,-0.1284 
0.69,-0.1281 
0.6910000000000003,-0.1279 
0.6920000000000002,-0.1276 
0.6930000000000001,-0.1274 
0.694,-0.1271 
0.6950000000000003,-0.1268 
0.6960000000000002,-0.1265 
0.6970000000000001,-0.1262 
0.698,-0.1261 
0.6990000000000003,-0.1257 
0.7000000000000002,-0.1255 
0.7010000000000001,-0.1252 
0.702,-0.1249 
0.7030000000000003,-0.1247 
0.7040000000000002,-0.1244 
0.7050000000000001,-0.1241 
0.706,-0.1239 
0.7070000000000003,-0.1236 
0.7080000000000002,-0.1234 
0.7090000000000001,-0.1231 
0.71,-0.1228 
0.7110000000000003,-0.1226 
0.7120000000000002,-0.1223 
0.7130000000000001,-0.122 
0.714,-0.1218 
0.7150000000000003,-0.1215 
0.7160000000000002,-0.1213 
0.7170000000000001,-0.121 
0.718,-0.1207 
0.7190000000000003,-0.1205 
0.7200000000000002,-0.1202 
0.7210000000000001,-0.1199 
0.722,-0.1197 
0.7230000000000003,-0.1194 
0.7240000000000002,-0.1192 
0.7250000000000001,-0.1189 
0.726,-0.1186 
0.7270000000000003,-0.1184 
0.7280000000000002,-0.1181 
0.7290000000000001,-0.1178 
0.73,-0.1176 
0.7310000000000003,-0.1173 
0.7320000000000002,-0.117 
0.7330000000000001,-0.1168 
0.734,-0.1166 
0.7350000000000003,-0.1163 
0.7360000000000002,-0.1161 
0.7370000000000001,-0.1158 
0.738,-0.1155 
0.7390000000000003,-0.1152 
0.7400000000000002,-0.115 
0.7410000000000001,-0.1147 
0.742,-0.1145 
0.7430000000000003,-0.1142 
0.7440000000000002,-0.114 
0.7450000000000001,-0.1137 
0.7460000000000004,-0.1134 
0.7469999999999999,-0.1132 
0.7480000000000002,-0.1129 
0.7489999999999997,-0.1126 
0.75,-0.1124 
0.7510000000000003,-0.1121 
0.7519999999999998,-0.1119 
0.7530000000000001,-0.1116 
0.7540000000000004,-0.1114 
0.7549999999999999,-0.1111 
0.7560000000000002,-0.1109 
0.7569999999999997,-0.1106 
0.758,-0.1103 
0.7590000000000003,-0.1101 
0.7599999999999998,-0.1098 
0.7610000000000001,-0.1096 
0.7620000000000005,-0.1093 
0.7629999999999999,-0.109 
0.7640000000000002,-0.1089 
0.7649999999999997,-0.1086 
0.766,-0.1083 
0.7670000000000003,-0.108 
0.7679999999999998,-0.1078 
0.7690000000000001,-0.1076 
0.7700000000000005,-0.1073 
0.7709999999999999,-0.1071 
0.7720000000000002,-0.1068 
0.7729999999999997,-0.1065 
0.774,-0.1062 
0.7750000000000004,-0.106 
0.7759999999999998,-0.1058 
0.7770000000000001,-0.1055 
0.7780000000000005,-0.1052 
0.7789999999999999,-0.105 
0.7800000000000002,-0.1047 
0.7809999999999997,-0.1045 
0.782,-0.1042 
0.7830000000000004,-0.104 
0.7839999999999998,-0.1037 
0.7850000000000001,-0.1035 
0.7860000000000005,-0.1032 
0.7869999999999999,-0.103 
0.7880000000000003,-0.1027 
0.7889999999999997,-0.1025 
0.79,-0.1023 
0.7910000000000004,-0.102 
0.7919999999999998,-0.1017 
0.7930000000000001,-0.1015 
0.7940000000000005,-0.1012 
0.7949999999999999,-0.101 
0.7960000000000003,-0.1007 
0.7969999999999997,-0.1005 
0.798,-0.1002 
0.7990000000000004,-0.09995 
0.7999999999999998,-0.0997 
0.8010000000000002,-0.09945 
0.8020000000000005,-0.09924 
0.8029999999999999,-0.09897 
0.8040000000000003,-0.09876 
0.8049999999999997,-0.09847 
0.806,-0.09821 
0.8070000000000004,-0.09797 
0.8079999999999998,-0.09774 
0.8090000000000002,-0.09752 
0.8100000000000005,-0.09723 
0.8109999999999999,-0.09696 
0.8120000000000003,-0.09671 
0.8129999999999997,-0.09649 
0.8140000000000001,-0.09626 
0.8150000000000004,-0.09599 
0.8159999999999998,-0.09576 
0.8170000000000002,-0.09551 
0.8180000000000005,-0.09527 
0.819,-0.09499 
0.8200000000000003,-0.09474 
0.8209999999999997,-0.09453 
0.8220000000000001,-0.09426 
0.8230000000000004,-0.09402 
0.8239999999999998,-0.09376 
0.8250000000000002,-0.0935 
0.8260000000000005,-0.09327 
0.827,-0.09303 
0.8280000000000003,-0.0928 
0.8289999999999997,-0.09252 
0.8300000000000001,-0.09227 
0.8310000000000004,-0.09202 
0.8319999999999999,-0.0918 
0.8330000000000002,-0.09153 
0.8340000000000005,-0.0913 
0.835,-0.09107 
0.8360000000000003,-0.0908 
0.8369999999999997,-0.09055 
0.8380000000000001,-0.09031 
0.8390000000000004,-0.09008 
0.8399999999999999,-0.08986 
0.8410000000000002,-0.0896 
0.8420000000000005,-0.08938 
0.843,-0.08912 
0.8440000000000003,-0.08887 
0.8449999999999998,-0.08863 
0.8460000000000001,-0.08837 
0.8470000000000004,-0.08817 
0.8479999999999999,-0.0879 
0.8490000000000002,-0.08766 
0.8500000000000005,-0.0874 
0.851,-0.08719 
0.8520000000000003,-0.08694 
0.8529999999999998,-0.0867 
0.8540000000000001,-0.08646 
0.8550000000000004,-0.0862 
0.8559999999999999,-0.08596 
0.8570000000000002,-0.08568 
0.8580000000000005,-0.08546 
0.859,-0.08527 
0.8600000000000003,-0.08497 
0.8609999999999998,-0.0848 
0.8620000000000001,-0.08451 
0.8630000000000004,-0.0843 
0.8639999999999999,-0.08406 
0.8650000000000002,-0.08382 
0.8660000000000005,-0.0836 
0.867,-0.08333 
0.8680000000000003,-0.08311 
0.8689999999999998,-0.08288 
0.8700000000000001,-0.08259 
0.8710000000000004,-0.08236 
0.8719999999999999,-0.08213 
0.8730000000000002,-0.08193 
0.8739999999999997,-0.08166 
0.875,-0.08142 
0.8760000000000003,-0.08118 
0.8769999999999998,-0.08094 
0.8780000000000001,-0.08074 
0.8790000000000004,-0.08046 
0.8799999999999999,-0.08024 
0.8810000000000002,-0.08 
0.8819999999999997,-0.07974 
0.883,-0.0795 
0.8840000000000003,-0.07928 
0.8849999999999998,-0.07907 
0.8860000000000001,-0.0788 
0.8870000000000005,-0.07858 
0.8879999999999999,-0.07834 
0.8890000000000002,-0.0781 
0.8899999999999997,-0.07785 
0.891,-0.07762 
0.8920000000000003,-0.07739 
0.8929999999999998,-0.07713 
0.8940000000000001,-0.07691 
0.8950000000000005,-0.07663 
0.8959999999999999,-0.07641 
0.8970000000000002,-0.07623 
0.8979999999999997,-0.07593 
0.899,-0.07574 
0.9000000000000004,-0.07547 
0.9009999999999998,-0.07524 
0.9020000000000001,-0.07498 
0.9030000000000005,-0.07477 
0.9039999999999999,-0.07455 
0.9050000000000002,-0.07427 
0.9059999999999997,-0.07405 
0.907,-0.07379 
0.9080000000000004,-0.07355 
0.9089999999999998,-0.07332 
0.9100000000000001,-0.07308 
0.9110000000000005,-0.07288 
0.9119999999999999,-0.07262 
0.9130000000000003,-0.07239 
0.9139999999999997,-0.07215 
0.915,-0.07191 
0.9160000000000004,-0.07171 
0.9169999999999998,-0.07147 
0.9180000000000001,-0.07123 
0.9190000000000005,-0.07097 
0.9199999999999999,-0.07073 
0.9210000000000003,-0.0705 
0.9219999999999997,-0.07027 
0.923,-0.07003 
0.9240000000000004,-0.0698 
0.9249999999999998,-0.06961 
0.9260000000000002,-0.06935 
0.9270000000000005,-0.06913 
0.9279999999999999,-0.06887 
0.9290000000000003,-0.06863 
0.9299999999999997,-0.06842 
0.931,-0.06818 
0.9320000000000004,-0.06796 
0.9329999999999998,-0.06768 
0.9340000000000002,-0.06744 
0.9350000000000005,-0.06726 
0.9359999999999999,-0.06699 
0.9370000000000003,-0.06679 
0.9379999999999997,-0.06652 
0.9390000000000001,-0.06632 
0.9400000000000004,-0.06608 
0.9409999999999998,-0.06585 
0.9420000000000002,-0.06561 
0.9430000000000005,-0.06536 
0.944,-0.06518 
0.9450000000000003,-0.06491 
0.9459999999999997,-0.06466 
0.9470000000000001,-0.06442 
0.9480000000000004,-0.06421 
0.9489999999999998,-0.06402 
0.9500000000000002,-0.06375 
0.9510000000000005,-0.06354 
0.952,-0.06328 
0.9530000000000003,-0.06304 
0.9539999999999997,-0.06282 
0.9550000000000001,-0.06259 
0.9560000000000004,-0.06237 
0.9569999999999999,-0.06215 
0.9580000000000002,-0.06194 
0.9590000000000005,-0.06168 
0.96,-0.06145 
0.9610000000000003,-0.0612 
0.9619999999999997,-0.06099 
0.9630000000000001,-0.06076 
0.9640000000000004,-0.06051 
0.9649999999999999,-0.06031 
0.9660000000000002,-0.06005 
0.9670000000000005,-0.05983 
0.968,-0.05967 
0.9690000000000003,-0.05939 
0.9699999999999998,-0.05918 
0.9710000000000001,-0.05891 
0.9720000000000004,-0.0587 
0.9729999999999999,-0.05847 
0.9740000000000002,-0.05824 
0.9750000000000005,-0.05803 
0.976,-0.05776 
0.9770000000000003,-0.05758 
0.9779999999999998,-0.05732 
0.9790000000000001,-0.0571 
0.9800000000000004,-0.05686 
0.9809999999999999,-0.05662 
0.9820000000000002,-0.05645 
0.9830000000000005,-0.0562 
0.984,-0.056 
0.9850000000000003,-0.05573 
0.9859999999999998,-0.05548 
0.9870000000000001,-0.0553 
0.9880000000000004,-0.05505 
0.9889999999999999,-0.05485 
0.9900000000000002,-0.05455 
0.9910000000000005,-0.05435 
0.992,-0.05412 
0.9930000000000003,-0.0539 
0.9939999999999998,-0.05369 
0.9950000000000001,-0.05342 
0.9960000000000004,-0.05326 
0.9969999999999999,-0.05297 
0.9980000000000002,-0.05274 
0.9989999999999997,-0.05253 
1.0,-0.05231 
1.0010000000000003,-0.0521 
1.0019999999999998,-0.05185 
1.0030000000000001,-0.05165 
1.0040000000000004,-0.05141 
1.005,-0.05118 
1.0060000000000002,-0.05097 
1.0069999999999997,-0.05073 
1.008,-0.05052 
1.0090000000000003,-0.05028 
1.0099999999999998,-0.05006 
1.0110000000000001,-0.04983 
1.0120000000000005,-0.04962 
1.013,-0.04939 
1.0140000000000002,-0.04918 
1.0149999999999997,-0.04895 
1.016,-0.04873 
1.0170000000000003,-0.04848 
1.0179999999999998,-0.04827 
1.0190000000000001,-0.04803 
1.0200000000000005,-0.04785 
1.021,-0.0476 
1.0220000000000002,-0.04739 
1.0229999999999997,-0.04715 
1.024,-0.04691 
1.0250000000000004,-0.04671 
1.0259999999999998,-0.04648 
1.0270000000000001,-0.04627 
1.0280000000000005,-0.04603 
1.029,-0.04579 
1.0300000000000002,-0.04558 
1.0309999999999997,-0.04535 
1.032,-0.04513 
1.0330000000000004,-0.0449 
1.0339999999999998,-0.04475 
1.0350000000000001,-0.04449 
1.0360000000000005,-0.04425 
1.037,-0.04403 
1.0380000000000003,-0.0438 
1.0389999999999997,-0.04362 
1.04,-0.04339 
1.0410000000000004,-0.04319 
1.0419999999999998,-0.04292 
1.0430000000000001,-0.0427 
1.0440000000000005,-0.04249 
1.045,-0.04227 
1.0460000000000003,-0.04205 
1.0469999999999997,-0.04182 
1.048,-0.0416 
1.0490000000000004,-0.04137 
1.0499999999999998,-0.04116 
1.0510000000000002,-0.04093 
1.0520000000000005,-0.04071 
1.053,-0.04052 
1.0540000000000003,-0.04029 
1.0549999999999997,-0.04008 
1.056,-0.03985 
1.0570000000000004,-0.03962 
1.0579999999999998,-0.03944 
1.0590000000000002,-0.03921 
1.0600000000000005,-0.03899 
1.061,-0.03874 
1.0620000000000003,-0.03849 
1.0629999999999997,-0.0383 
1.064,-0.03808 
1.0650000000000004,-0.03788 
1.0659999999999998,-0.03764 
1.0670000000000002,-0.03744 
1.0680000000000005,-0.0372 
1.069,-0.03699 
1.0700000000000003,-0.03677 
1.0709999999999997,-0.03653 
1.072,-0.03634 
1.0730000000000004,-0.03613 
1.0739999999999998,-0.03589 
1.0750000000000002,-0.03565 
1.0760000000000005,-0.03543 
1.077,-0.03523 
1.0780000000000003,-0.03503 
1.0789999999999997,-0.0348 
1.08,-0.03455 
1.0810000000000004,-0.03432 
1.0819999999999999,-0.03413 
1.0830000000000002,-0.03389 
1.0840000000000005,-0.03371 
1.085,-0.03346 
1.0860000000000003,-0.03326 
1.0869999999999997,-0.03302 
1.088,-0.03281 
1.0890000000000004,-0.03258 
1.0899999999999999,-0.03236 
1.0910000000000002,-0.03218 
1.0920000000000005,-0.03193 
1.093,-0.03173 
1.0940000000000003,-0.03147 
1.0949999999999998,-0.03126 
1.096,-0.0311 
1.0970000000000004,-0.03084 
1.0979999999999999,-0.03066 
1.0990000000000002,-0.0304 
1.1000000000000005,-0.0302 
1.101,-0.02999 
1.1020000000000003,-0.02979 
1.1029999999999998,-0.02956 
1.104,-0.02934 
1.1050000000000004,-0.02916 
1.1059999999999999,-0.02892 
1.1070000000000002,-0.02869 
1.1080000000000005,-0.02847 
1.109,-0.02824 
1.1100000000000003,-0.02808 
1.1109999999999998,-0.02782 
1.112,-0.02764 
1.1130000000000004,-0.02738 
1.1139999999999999,-0.02715 
1.1150000000000002,-0.02702 
1.1160000000000005,-0.02676 
1.117,-0.02654 
1.1180000000000003,-0.02631 
1.1189999999999998,-0.02607 
1.12,-0.02589 
1.1210000000000004,-0.02565 
1.1219999999999999,-0.02548 
1.1230000000000002,-0.0252 
1.1239999999999997,-0.02504 
1.125,-0.02481 
1.1260000000000003,-0.0246 
1.1269999999999998,-0.02436 
1.1280000000000001,-0.02415 
1.1290000000000004,-0.02397 
1.13,-0.02371 
1.1310000000000002,-0.02354 
1.1319999999999997,-0.02329 
1.133,-0.02308 
1.1340000000000003,-0.02287 
1.1349999999999998,-0.02262 
1.1360000000000001,-0.02245 
1.1370000000000005,-0.02221 
1.138,-0.02197 
1.1390000000000002,-0.02178 
1.1399999999999997,-0.02156 
1.141,-0.02135 
1.1420000000000003,-0.02114 
1.1429999999999998,-0.02097 
1.1440000000000001,-0.02073 
1.1450000000000005,-0.02052 
1.146,-0.0203 
1.1470000000000002,-0.02011 
1.1479999999999997,-0.01991 
1.149,-0.01965 
1.1500000000000004,-0.01947 
1.1509999999999998,-0.01923 
1.1520000000000001,-0.019 
1.1530000000000005,-0.01882 
1.154,-0.01861 
1.1550000000000002,-0.01839 
1.1559999999999997,-0.01817 
1.157,-0.018 
1.1580000000000004,-0.01775 
1.1589999999999998,-0.01754 
1.1600000000000001,-0.01734 
1.1610000000000005,-0.01711 
1.162,-0.01697 
1.1630000000000003,-0.0167 
1.1639999999999997,-0.0165 
1.165,-0.01628 
1.1660000000000004,-0.01605 
1.1669999999999998,-0.01589 
1.1680000000000001,-0.01563 
1.1690000000000005,-0.01546 
1.17,-0.0152 
1.1710000000000003,-0.01498 
1.1719999999999997,-0.01478 
1.173,-0.01456 
1.1740000000000004,-0.01436 
1.1749999999999998,-0.01413 
1.1760000000000002,-0.01396 
1.1770000000000005,-0.01372 
1.178,-0.01352 
1.1790000000000003,-0.0133 
1.1799999999999997,-0.01307 
1.181,-0.01294 
1.1820000000000004,-0.01266 
1.1829999999999998,-0.01249 
1.1840000000000002,-0.01225 
1.1850000000000005,-0.01204 
1.186,-0.01185 
1.1870000000000003,-0.0116 
1.1879999999999997,-0.01145 
1.189,-0.01121 
1.1900000000000004,-0.01099 
1.1909999999999998,-0.01079 
1.1920000000000002,-0.0106 
1.1930000000000005,-0.01041 
1.194,-0.01017 
1.1950000000000003,-0.01001 
1.1959999999999997,-0.00977 
1.197,-0.009551 
1.1980000000000004,-0.009314 
1.1989999999999998,-0.009129 
1.2000000000000002,-0.008958 
1.2010000000000005,-0.008709 
1.202,-0.008552 
1.2030000000000003,-0.008288 
1.2039999999999997,-0.008108 
1.205,-0.007894 
1.2060000000000004,-0.007678 
1.2069999999999999,-0.007487 
1.2080000000000002,-0.007264 
1.2090000000000005,-0.007051 
1.21,-0.006834 
1.2110000000000003,-0.006645 
1.2119999999999997,-0.006451 
1.213,-0.006221 
1.2140000000000004,-0.006039 
1.2149999999999999,-0.005844 
1.2160000000000002,-0.005644 
1.2170000000000005,-0.005404 
1.218,-0.005213 
1.2190000000000003,-0.005021 
1.2199999999999998,-0.004787 
1.221,-0.004609 
1.2220000000000004,-0.004377 
1.2229999999999999,-0.004176 
1.2240000000000002,-0.003984 
1.2250000000000005,-0.003781 
1.226,-0.003595 
1.2270000000000003,-0.00336 
1.2279999999999998,-0.003145 
1.229,-0.00294 
1.2300000000000004,-0.002718 
1.2309999999999999,-0.00252 
1.2320000000000002,-0.002313 
1.2330000000000005,-0.002159 
1.234,-0.001907 
1.2350000000000003,-0.001712 
1.2359999999999998,-0.001513 
1.237,-0.00129 
1.2380000000000004,-0.001115 
1.2389999999999999,-0.000927 
1.2400000000000002,-0.0007067 
1.2410000000000005,-0.0005034 
1.242,-0.0002704 
1.2430000000000003,-6.635e-05 
1.2439999999999998,-0.3202 
1.245,-0.3438 
1.2460000000000004,-0.3691 
1.2469999999999999,-0.3883 
1.2480000000000002,-0.4038 
1.2489999999999997,-0.417 
1.25,-0.4287 
1.2510000000000003,-0.4393 
1.2519999999999998,-0.4488 
1.2530000000000001,-0.4577 
1.2540000000000004,-0.4659 
1.255,-0.4736 
1.2560000000000002,-0.4811 
1.2569999999999997,-0.4881 
1.258,-0.4947 
1.2590000000000003,-0.5008 
1.2599999999999998,-0.5066 
1.2610000000000001,-0.512 
1.2620000000000005,-0.5171 
1.263,-0.522 
1.2640000000000002,-0.5266 
1.2649999999999997,-0.5311 
1.266,-0.5353 
1.2670000000000003,-0.5394 
1.2679999999999998,-0.5433 
1.2690000000000001,-0.5472 
1.2700000000000005,-0.5509 
1.271,-0.5544 
1.2720000000000002,-0.5578 
1.2729999999999997,-0.5611 
1.274,-0.5643 
1.2750000000000004,-0.5673 
1.2759999999999998,-0.5702 
1.2770000000000001,-0.5729 
1.2780000000000005,-0.5756 
1.279,-0.5784 
1.2800000000000002,-0.5812 
1.2809999999999997,-0.5841 
1.282,-0.5869 
1.2830000000000004,-0.5896 
1.2839999999999998,-0.5923 
1.2850000000000001,-0.5949 
1.2860000000000005,-0.5974 
1.287,-0.5999 
1.2880000000000003,-0.6024 
1.2889999999999997,-0.6048 
1.29,-0.6071 
1.2910000000000004,-0.6093 
1.2919999999999998,-0.6115 
1.2930000000000001,-0.6135 
1.2940000000000005,-0.6155 
1.295,-0.6173 
1.2960000000000003,-0.6191 
1.2969999999999997,-0.6208 
1.298,-0.6226 
1.2990000000000004,-0.6243 
1.2999999999999998,-0.626 
1.3010000000000002,-0.6276 
1.3020000000000005,-0.6292 
1.303,-0.6309 
1.3040000000000003,-0.6325 
1.3049999999999997,-0.6342 
1.306,-0.6358 
1.3070000000000004,-0.6375 
1.3079999999999998,-0.6393 
1.3090000000000002,-0.6409 
1.3100000000000005,-0.6427 
1.311,-0.6444 
1.3120000000000003,-0.6462 
1.3129999999999997,-0.6482 
1.314,-0.6505 
1.3150000000000004,-0.653 
1.3159999999999998,-0.6553 
1.3170000000000002,-0.6572 
1.3180000000000005,-0.6586 
1.319,-0.6602 
1.3200000000000003,-0.6621 
1.3209999999999997,-0.664 
1.322,-0.6656 
1.3230000000000004,-0.667 
1.3239999999999998,-0.6683 
1.3250000000000002,-0.6692 
1.3260000000000005,-0.6697 
1.327,-0.6704 
1.3280000000000003,-0.6711 
1.3289999999999997,-0.672 
1.33,-0.6731 
1.3310000000000004,-0.6743 
1.3319999999999999,-0.6758 
1.3330000000000002,-0.6773 
1.3340000000000005,-0.6789 
1.335,-0.6805 
1.3360000000000003,-0.682 
1.3369999999999997,-0.6834 
1.338,-0.6845 
1.3390000000000004,-0.6855 
1.3399999999999999,-0.6865 
1.3410000000000002,-0.6876 
1.3420000000000005,-0.6886 
1.343,-0.6897 
1.3440000000000003,-0.6907 
1.3449999999999998,-0.6918 
1.346,-0.6928 
1.3470000000000004,-0.6939 
1.3479999999999999,-0.6949 
1.3490000000000002,-0.6959 
1.3500000000000005,-0.6969 
1.351,-0.6979 
1.3520000000000003,-0.6989 
1.3529999999999998,-0.7 
1.354,-0.701 
1.3550000000000004,-0.7021 
1.3559999999999999,-0.7031 
1.3570000000000002,-0.7042 
1.3580000000000005,-0.7052 
1.359,-0.7062 
1.3600000000000003,-0.7073 
1.3609999999999998,-0.7083 
1.362,-0.7094 
1.3630000000000004,-0.7104 
1.3639999999999999,-0.7113 
1.3650000000000002,-0.7124 
1.3660000000000005,-0.7133 
1.367,-0.7143 
1.3680000000000003,-0.7152 
1.3689999999999998,-0.7162 
1.37,-0.7171 
1.3710000000000004,-0.718 
1.3719999999999999,-0.7189 
1.3730000000000002,-0.7198 
1.3739999999999997,-0.7206 
1.375,-0.7214 
1.3760000000000003,-0.7222 
1.3769999999999998,-0.723 
1.3780000000000001,-0.7239 
1.3790000000000004,-0.7248 
1.38,-0.7257 
1.3810000000000002,-0.7266 
1.3819999999999997,-0.7274 
1.383,-0.7282 
1.3840000000000003,-0.729 
1.3849999999999998,-0.7298 
1.3860000000000001,-0.7306 
1.3870000000000005,-0.7314 
1.388,-0.7321 
1.3890000000000002,-0.7328 
1.3899999999999997,-0.7335 
1.391,-0.7342 
1.3920000000000003,-0.7349 
1.3929999999999998,-0.7355 
1.3940000000000001,-0.7361 
1.3950000000000005,-0.7367 
1.396,-0.7372 
1.3970000000000002,-0.7378 
1.3979999999999997,-0.7384 
1.399,-0.7389 
1.4000000000000004,-0.7395 
1.4009999999999998,-0.7401 
1.4020000000000001,-0.7406 
1.4030000000000005,-0.7412 
1.404,-0.7418 
1.4050000000000002,-0.7424 
1.4059999999999997,-0.743 
1.407,-0.7436 
1.4080000000000004,-0.7442 
1.4089999999999998,-0.7448 
1.4100000000000001,-0.7454 
1.4110000000000005,-0.746 
1.412,-0.7467 
1.4130000000000003,-0.7473 
1.4139999999999997,-0.7479 
1.415,-0.7485 
1.4160000000000004,-0.7492 
1.4169999999999998,-0.7498 
1.4180000000000001,-0.7504 
1.4190000000000005,-0.751 
1.42,-0.7516 
1.4210000000000003,-0.7522 
1.4219999999999997,-0.7528 
1.423,-0.7534 
1.4240000000000004,-0.7541 
1.4249999999999998,-0.7547 
1.4260000000000002,-0.7553 
1.4270000000000005,-0.7559 
1.428,-0.7565 
1.4290000000000003,-0.7571 
1.4299999999999997,-0.7577 
1.431,-0.7583 
1.4320000000000004,-0.7588 
1.4329999999999998,-0.7594 
1.4340000000000002,-0.76 
1.4350000000000005,-0.7606 
1.436,-0.7612 
1.4370000000000003,-0.7618 
1.4379999999999997,-0.7624 
1.439,-0.763 
1.4400000000000004,-0.7635 
1.4409999999999998,-0.7641 
1.4420000000000002,-0.7647 
1.4430000000000005,-0.7652 
1.444,-0.7658 
1.4450000000000003,-0.7663 
1.4459999999999997,-0.7669 
1.447,-0.7674 
1.4480000000000004,-0.768 
1.4489999999999998,-0.7685 
1.4500000000000002,-0.7691 
1.4510000000000005,-0.7697 
1.452,-0.7702 
1.4530000000000003,-0.7707 
1.4539999999999997,-0.7713 
1.455,-0.7718 
1.4560000000000004,-0.7723 
1.4569999999999999,-0.7729 
1.4580000000000002,-0.7734 
1.4590000000000005,-0.7739 
1.46,-0.7744 
1.4610000000000003,-0.7749 
1.4619999999999997,-0.7755 
1.463,-0.776 
1.4640000000000004,-0.7765 
1.4649999999999999,-0.777 
1.4660000000000002,-0.7775 
1.4670000000000005,-0.778 
1.468,-0.7785 
1.4690000000000003,-0.7791 
1.4699999999999998,-0.7795 
1.471,-0.78 
1.4720000000000004,-0.7805 
1.4729999999999999,-0.781 
1.4740000000000002,-0.7816 
1.4750000000000005,-0.782 
1.476,-0.7825 
1.4770000000000003,-0.783 
1.4779999999999998,-0.7835 
1.479,-0.784 
1.4800000000000004,-0.7844 
1.4809999999999999,-0.7849 
1.4820000000000002,-0.7854 
1.4830000000000005,-0.7859 
1.484,-0.7863 
1.4850000000000003,-0.7868 
1.4859999999999998,-0.7873 
1.487,-0.7877 
1.4880000000000004,-0.7882 
1.4889999999999999,-0.7887 
1.4900000000000002,-0.7891 
1.4910000000000005,-0.7895 
1.492,-0.79 
1.4930000000000003,-0.7905 
1.4939999999999998,-0.7909 
1.495,-0.7914 
1.4960000000000004,-0.7918 
1.4969999999999999,-0.7923 
1.4980000000000002,-0.7927 
1.4989999999999997,-0.7932 
1.5,-0.7936 
1.5010000000000003,-0.7941 
1.5019999999999998,-0.7945 
1.5030000000000001,-0.7949 
1.5040000000000004,-0.7954 
1.505,-0.7958 
1.5060000000000002,-0.7962 
1.5069999999999997,-0.7967 
1.508,-0.7971 
1.5090000000000003,-0.7975 
1.5099999999999998,-0.7979 
1.5110000000000001,-0.7984 
1.5120000000000005,-0.7988 
1.513,-0.7992 
1.5140000000000002,-0.7997 
1.5149999999999997,-0.8001 
1.516,-0.8005 
1.5170000000000003,-0.8009 
1.5179999999999998,-0.8013 
1.5190000000000001,-0.8018 
1.5200000000000005,-0.8021 
1.521,-0.8026 
1.5220000000000002,-0.803 
1.5229999999999997,-0.8034 
1.524,-0.8038 
1.5250000000000004,-0.8042 
1.5259999999999998,-0.8046 
1.5270000000000001,-0.805 
1.5280000000000005,-0.8054 
1.529,-0.8058 
1.5300000000000002,-0.8062 
1.5309999999999997,-0.8066 
1.532,-0.807 
1.5330000000000004,-0.8074 
1.5339999999999998,-0.8078 
1.5350000000000001,-0.8082 
1.5360000000000005,-0.8086 
1.537,-0.809 
1.5380000000000003,-0.8093 
1.5389999999999997,-0.8097 
1.54,-0.8101 
1.5410000000000004,-0.8105 
1.5419999999999998,-0.8109 
1.5430000000000001,-0.8113 
1.5440000000000005,-0.8116 
1.545,-0.812 
1.5460000000000003,-0.8124 
1.5469999999999997,-0.8128 
1.548,-0.8131 
1.5490000000000004,-0.8135 
1.5499999999999998,-0.8139 
1.5510000000000002,-0.8142 
1.5520000000000005,-0.8146 
1.553,-0.815 
1.5540000000000003,-0.8154 
1.5549999999999997,-0.8157 
1.556,-0.8161 
1.5570000000000004,-0.8165 
1.5579999999999998,-0.8168 
1.5590000000000002,-0.8172 
1.5600000000000005,-0.8175 
1.561,-0.8179 
1.5620000000000003,-0.8183 
1.5629999999999997,-0.8186 
1.564,-0.819 
1.5650000000000004,-0.8194 
1.5659999999999998,-0.8198 
1.5670000000000002,-0.8201 
1.5680000000000005,-0.8204 
1.569,-0.8208 
1.5700000000000003,-0.8211 
1.5709999999999997,-0.8215 
1.572,-0.8218 
1.5730000000000004,-0.8222 
1.5739999999999998,-0.8225 
1.5750000000000002,-0.8229 
1.5760000000000005,-0.8232 
1.577,-0.8236 
1.5780000000000003,-0.8239 
1.5789999999999997,-0.8242 
1.58,-0.8246 
1.5810000000000004,-0.8249 
1.5819999999999999,-0.8253 
1.5830000000000002,-0.8256 
1.5840000000000005,-0.8259 
1.585,-0.8263 
1.5860000000000003,-0.8266 
1.5869999999999997,-0.8269 
1.588,-0.8273 
1.5890000000000004,-0.8276 
1.5899999999999999,-0.828 
1.5910000000000002,-0.8283 
1.5920000000000005,-0.8286 
1.593,-0.8289 
1.5940000000000003,-0.8292 
1.5949999999999998,-0.8296 
1.596,-0.8299 
1.5970000000000004,-0.8302 
1.5979999999999999,-0.8305 
1.5990000000000002,-0.8309 
1.6000000000000005,-0.8312 
1.601,-0.8315 
1.6020000000000003,-0.8318 
1.6029999999999998,-0.8321 
1.604,-0.8325 
1.6050000000000004,-0.8328 
1.6059999999999999,-0.8331 
1.6070000000000002,-0.8334 
1.6080000000000005,-0.8337 
1.609,-0.834 
1.6100000000000003,-0.8343 
1.6109999999999998,-0.8347 
1.612,-0.835 
1.6130000000000004,-0.8353 
1.6139999999999999,-0.8356 
1.6150000000000002,-0.8359 
1.6160000000000005,-0.8363 
1.617,-0.8366 
1.6180000000000003,-0.8369 
1.6189999999999998,-0.8372 
1.62,-0.8375 
1.6210000000000004,-0.8378 
1.6219999999999999,-0.8381 
1.6230000000000002,-0.8384 
1.6239999999999997,-0.8387 
1.625,-0.839 
1.6260000000000003,-0.8393 
1.6269999999999998,-0.8396 
1.6280000000000001,-0.8399 
1.6290000000000004,-0.8402 
1.63,-0.8406 
1.6310000000000002,-0.8408 
1.6319999999999997,-0.8411 
1.633,-0.8414 
1.6340000000000003,-0.8417 
1.6349999999999998,-0.8421 
1.6360000000000001,-0.8423 
1.6370000000000005,-0.8426 
1.638,-0.8429 
1.6390000000000002,-0.8432 
1.6399999999999997,-0.8435 
1.641,-0.8438 
1.6420000000000003,-0.8441 
1.6429999999999998,-0.8443 
1.6440000000000001,-0.8447 
1.6450000000000005,-0.8449 
1.646,-0.8452 
1.6470000000000002,-0.8455 
1.6479999999999997,-0.8458 
1.649,-0.8461 
1.6500000000000004,-0.8464 
1.6509999999999998,-0.8466 
1.6520000000000001,-0.8469 
1.6530000000000005,-0.8472 
1.654,-0.8475 
1.6550000000000002,-0.8478 
1.6559999999999997,-0.8481 
1.657,-0.8484 
1.6580000000000004,-0.8487 
1.6589999999999998,-0.849 
1.6600000000000001,-0.8492 
1.6610000000000005,-0.8495 
1.662,-0.8498 
1.6630000000000003,-0.8501 
1.6639999999999997,-0.8503 
1.665,-0.8506 
1.6660000000000004,-0.8509 
1.6669999999999998,-0.8512 
1.6680000000000001,-0.8515 
1.6690000000000005,-0.8517 
1.67,-0.852 
1.6710000000000003,-0.8523 
1.6719999999999997,-0.8526 
1.673,-0.8528 
1.6740000000000004,-0.8531 
1.6749999999999998,-0.8534 
1.6760000000000002,-0.8536 
1.6770000000000005,-0.8539 
1.678,-0.8542 
1.6790000000000003,-0.8544 
1.6799999999999997,-0.8547 
1.681,-0.855 
1.6820000000000004,-0.8552 
1.6829999999999998,-0.8555 
1.6840000000000002,-0.8558 
1.6850000000000005,-0.8561 
1.686,-0.8563 
1.6870000000000003,-0.8566 
1.6879999999999997,-0.8569 
1.689,-0.8571 
1.6900000000000004,-0.8574 
1.6909999999999998,-0.8576 
1.6920000000000002,-0.8579 
1.6930000000000005,-0.8582 
1.694,-0.8585 
1.6950000000000003,-0.8587 
1.6959999999999997,-0.859 
1.697,-0.8592 
1.6980000000000004,-0.8595 
1.6989999999999998,-0.8598 
1.7000000000000002,-0.86 
1.7010000000000005,-0.8603 
1.702,-0.8605 
1.7030000000000003,-0.8608 
1.7039999999999997,-0.861 
1.705,-0.8613 
1.7060000000000004,-0.8616 
1.7069999999999999,-0.8618 
1.7080000000000002,-0.8621 
1.7090000000000005,-0.8623 
1.71,-0.8626 
1.7110000000000003,-0.8628 
1.7119999999999997,-0.8631 
1.713,-0.8634 
1.7140000000000004,-0.8636 
1.7149999999999999,-0.8638 
1.7160000000000002,-0.8641 
1.7170000000000005,-0.8643 
1.718,-0.8646 
1.7190000000000003,-0.8648 
1.7199999999999998,-0.8651 
1.721,-0.8653 
1.7220000000000004,-0.8656 
1.7229999999999999,-0.8658 
1.7240000000000002,-0.8661 
1.7250000000000005,-0.8664 
1.726,-0.8666 
1.7270000000000003,-0.8669 
1.7279999999999998,-0.8671 
1.729,-0.8673 
1.7300000000000004,-0.8676 
1.7309999999999999,-0.8678 
1.7320000000000002,-0.8681 
1.7330000000000005,-0.8683 
1.734,-0.8685 
1.7350000000000003,-0.8688 
1.7359999999999998,-0.869 
1.737,-0.8693 
1.7380000000000004,-0.8695 
1.7389999999999999,-0.8698 
1.7400000000000002,-0.87 
1.7410000000000005,-0.8702 
1.742,-0.8704 
1.7430000000000003,-0.8707 
1.7439999999999998,-0.871 
1.745,-0.8712 
1.7460000000000004,-0.8715 
1.7469999999999999,-0.8717 
1.7480000000000002,-0.8719 
1.7489999999999997,-0.8722 
1.75,-0.8724 
1.7510000000000003,-0.8727 
1.7519999999999998,-0.8729 
1.7530000000000001,-0.8731 
1.7540000000000004,-0.8733 
1.755,-0.8736 
1.7560000000000002,-0.8738 
1.7569999999999997,-0.874 
1.758,-0.8743 
1.7590000000000003,-0.8745 
1.7599999999999998,-0.8747 
1.7610000000000001,-0.875 
1.7620000000000005,-0.8752 
1.763,-0.8755 
1.7640000000000002,-0.8757 
1.7649999999999997,-0.8759 
1.766,-0.8761 
1.7670000000000003,-0.8764 
1.7679999999999998,-0.8766 
1.7690000000000001,-0.8769 
1.7700000000000005,-0.8771 
1.771,-0.8773 
1.7720000000000002,-0.8776 
1.7729999999999997,-0.8778 
1.774,-0.878 
1.7750000000000004,-0.8783 
1.7759999999999998,-0.8785 
1.7770000000000001,-0.8787 
1.7780000000000005,-0.8789 
1.779,-0.8792 
1.7800000000000002,-0.8794 
1.7809999999999997,-0.8796 
1.782,-0.8799 
1.7830000000000004,-0.8801 
1.7839999999999998,-0.8803 
1.7850000000000001,-0.8806 
1.7860000000000005,-0.8808 
1.787,-0.881 
1.7880000000000003,-0.8812 
1.7889999999999997,-0.8815 
1.79,-0.8817 
1.7910000000000004,-0.8819 
1.7919999999999998,-0.8821 
1.7930000000000001,-0.8823 
1.7940000000000005,-0.8826 
1.795,-0.8828 
1.7960000000000003,-0.883 
1.7969999999999997,-0.8832 
1.798,-0.8835 
1.7990000000000004,-0.8837 
1.7999999999999998,-0.8839 
1.8010000000000002,-0.8842 
1.8020000000000005,-0.8843 
1.803,-0.8846 
1.8040000000000003,-0.8848 
1.8049999999999997,-0.885 
1.806,-0.8852 
1.8070000000000004,-0.8855 
1.8079999999999998,-0.8857 
1.8090000000000002,-0.8859 
1.8100000000000005,-0.8861 
1.811,-0.8863 
1.8120000000000003,-0.8866 
1.8129999999999997,-0.8868 
1.814,-0.887 
1.8150000000000004,-0.8872 
1.8159999999999998,-0.8874 
1.8170000000000002,-0.8877 
1.8180000000000005,-0.8879 
1.819,-0.8881 
1.8200000000000003,-0.8883 
1.8209999999999997,-0.8885 
1.822,-0.8888 
1.8230000000000004,-0.8889 
1.8239999999999998,-0.8892 
1.8250000000000002,-0.8894 
1.8260000000000005,-0.8896 
1.827,-0.8898 
1.8280000000000003,-0.89 
1.8289999999999997,-0.8903 
1.83,-0.8905 
1.8310000000000004,-0.8907 
1.8319999999999999,-0.8909 
1.8330000000000002,-0.8911 
1.8340000000000005,-0.8914 
1.835,-0.8915 
1.8360000000000003,-0.8918 
1.8369999999999997,-0.892 
1.838,-0.8922 
1.8390000000000004,-0.8924 
1.8399999999999999,-0.8926 
1.8410000000000002,-0.8928 
1.8420000000000005,-0.893 
1.843,-0.8932 
1.8440000000000003,-0.8934 
1.8449999999999998,-0.8936 
1.846,-0.8939 
1.8470000000000004,-0.8941 
1.8479999999999999,-0.8943 
1.8490000000000002,-0.8945 
1.8500000000000005,-0.8947 
1.851,-0.8949 
1.8520000000000003,-0.8951 
1.8529999999999998,-0.8953 
1.854,-0.8955 
1.8550000000000004,-0.8958 
1.8559999999999999,-0.8959 
1.8570000000000002,-0.8961 
1.8580000000000005,-0.8964 
1.859,-0.8966 
1.8600000000000003,-0.8968 
1.8609999999999998,-0.897 
1.862,-0.8972 
1.8630000000000004,-0.8974 
1.8639999999999999,-0.8976 
1.8650000000000002,-0.8978 
1.8660000000000005,-0.898 
1.867,-0.8983 
1.8680000000000003,-0.8984 
1.8689999999999998,-0.8986 
1.87,-0.8988 
1.8710000000000004,-0.899 
1.8719999999999999,-0.8993 
1.8730000000000002,-0.8995 
1.8739999999999997,-0.8997 
1.875,-0.8999 
1.8760000000000003,-0.9001 
1.8769999999999998,-0.9003 
1.8780000000000001,-0.9005 
1.8790000000000004,-0.9007 
1.88,-0.9009 
1.8810000000000002,-0.9011 
1.8819999999999997,-0.9013 
1.883,-0.9015 
1.8840000000000003,-0.9017 
1.8849999999999998,-0.9019 
1.8860000000000001,-0.9021 
1.8870000000000005,-0.9023 
1.888,-0.9025 
1.8890000000000002,-0.9027 
1.8899999999999997,-0.9029 
1.891,-0.9031 
1.8920000000000003,-0.9033 
1.8929999999999998,-0.9035 
1.8940000000000001,-0.9037 
1.8950000000000005,-0.9039 
1.896,-0.9041 
1.8970000000000002,-0.9043 
1.8979999999999997,-0.9045 
1.899,-0.9047 
1.9000000000000004,-0.9049 
1.9009999999999998,-0.9051 
1.9020000000000001,-0.9053 
1.9030000000000005,-0.9055 
1.904,-0.9057 
1.9050000000000002,-0.9059 
1.9059999999999997,-0.9061 
1.907,-0.9063 
1.9080000000000004,-0.9065 
1.9089999999999998,-0.9067 
1.9100000000000001,-0.9069 
1.9110000000000005,-0.9071 
1.912,-0.9073 
1.9130000000000003,-0.9074 
1.9139999999999997,-0.9076 
1.915,-0.9078 
1.9160000000000004,-0.908 
1.9169999999999998,-0.9082 
1.9180000000000001,-0.9084 
1.9190000000000005,-0.9086 
1.92,-0.9088 
1.9210000000000003,-0.909 
1.9219999999999997,-0.9092 
1.923,-0.9094 
1.9240000000000004,-0.9096 
1.9249999999999998,-0.9098 
1.9260000000000002,-0.91 
1.9270000000000005,-0.9102 
1.928,-0.9104 
1.9290000000000003,-0.9106 
1.9299999999999997,-0.9107 
1.931,-0.911 
1.9320000000000004,-0.9111 
1.9329999999999998,-0.9113 
1.9340000000000002,-0.9115 
1.9350000000000005,-0.9117 
1.936,-0.9119 
1.9370000000000003,-0.9121 
1.9379999999999997,-0.9123 
1.939,-0.9125 
1.9400000000000004,-0.9127 
1.9409999999999998,-0.9129 
1.9420000000000002,-0.9131 
1.9430000000000005,-0.9133 
1.944,-0.9134 
1.9450000000000003,-0.9137 
1.9459999999999997,-0.9138 
1.947,-0.914 
1.9480000000000004,-0.9142 
1.9489999999999998,-0.9144 
1.9500000000000002,-0.9146 
1.9510000000000005,-0.9148 
1.952,-0.915 
1.9530000000000003,-0.9152 
1.9539999999999997,-0.9153 
1.955,-0.9156 
1.9560000000000004,-0.9157 
1.9569999999999999,-0.9159 
1.9580000000000002,-0.9161 
1.9590000000000005,-0.9163 
1.96,-0.9165 
1.9610000000000003,-0.9167 
1.9619999999999997,-0.9169 
1.963,-0.9171 
1.9640000000000004,-0.9173 
1.9649999999999999,-0.9174 
1.9660000000000002,-0.9177 
1.9670000000000005,-0.9179 
1.968,-0.918 
1.9690000000000003,-0.9182 
1.9699999999999998,-0.9184 
1.971,-0.9186 
1.9720000000000004,-0.9188 
1.9729999999999999,-0.919 
1.9740000000000002,-0.9192 
1.9750000000000005,-0.9193 
1.976,-0.9195 
1.9770000000000003,-0.9197 
1.9779999999999998,-0.9199 
1.979,-0.9201 
1.9800000000000004,-0.9203 
1.9809999999999999,-0.9205 
1.9820000000000002,-0.9206 
1.9830000000000005,-0.9209 
1.984,-0.921 
1.9850000000000003,-0.9212 
1.9859999999999998,-0.9214 
1.987,-0.9216 
1.9880000000000004,-0.9218 
1.9889999999999999,-0.9219 
1.9900000000000002,-0.9221 
1.9910000000000005,-0.9223 
1.992,-0.9225 
1.9930000000000003,-0.9227 
1.9939999999999998,-0.9228 
1.995,-0.9231 
1.9960000000000004,-0.9232 
1.9969999999999999,-0.9234 
1.9980000000000002,-0.9236 
1.9989999999999997,-0.9238 
2.0,-0.924 
2.0010000000000003,-0.9241 
2.002,-0.9243 
2.003,-0.9245 
2.0040000000000004,-0.9247 
2.005,-0.9249 
2.0060000000000002,-0.925 
2.0069999999999997,-0.9252 
2.008,-0.9254 
2.0090000000000003,-0.9256 
2.01,-0.9257 
2.011,-0.926 
2.0120000000000005,-0.9261 
2.013,-0.9263 
2.0140000000000002,-0.9265 
2.0149999999999997,-0.9267 
2.016,-0.9269 
2.0170000000000003,-0.9271 
2.018,-0.9272 
2.019,-0.9275 
2.0200000000000005,-0.9276 
2.021,-0.9278 
2.0220000000000002,-0.928 
2.0229999999999997,-0.9281 
2.024,-0.9283 
2.0250000000000004,-0.9285 
2.026,-0.9287 
2.027,-0.9289 
2.0280000000000005,-0.9291 
2.029,-0.9292 
2.0300000000000002,-0.9294 
2.0309999999999997,-0.9296 
2.032,-0.9298 
2.0330000000000004,-0.93 
2.034,-0.9301 
2.035,-0.9303 
2.0360000000000005,-0.9305 
2.037,-0.9307 
2.0380000000000003,-0.9309 
2.0389999999999997,-0.931 
2.04,-0.9312 
2.0410000000000004,-0.9314 
2.042,-0.9316 
2.043,-0.9317 
2.0440000000000005,-0.9319 
2.045,-0.9321 
2.0460000000000003,-0.9323 
2.0469999999999997,-0.9325 
2.048,-0.9326 
2.0490000000000004,-0.9328 
2.05,-0.933 
2.051,-0.9331 
2.0520000000000005,-0.9334 
2.053,-0.9335 
2.0540000000000003,-0.9337 
2.0549999999999997,-0.9339 
2.056,-0.934 
2.0570000000000004,-0.9342 
2.058,-0.9344 
2.059,-0.9346 
2.0600000000000005,-0.9347 
2.061,-0.9349 
2.0620000000000003,-0.9351 
2.0629999999999997,-0.9353 
2.064,-0.9355 
2.0650000000000004,-0.9357 
2.066,-0.9359 
2.067,-0.936 
2.0680000000000005,-0.9362 
2.069,-0.9364 
2.0700000000000003,-0.9365 
2.0709999999999997,-0.9367 
2.072,-0.9369 
2.0730000000000004,-0.9371 
2.074,-0.9373 
2.075,-0.9374 
2.0760000000000005,-0.9376 
2.077,-0.9378 
2.0780000000000003,-0.938 
2.0789999999999997,-0.9381 
2.08,-0.9383 
2.0810000000000004,-0.9385 
2.082,-0.9387 
2.083,-0.9389 
2.0840000000000005,-0.939 
2.085,-0.9392 
2.0860000000000003,-0.9393 
2.0869999999999997,-0.9395 
2.088,-0.9397 
2.0890000000000004,-0.9399 
2.09,-0.9401 
2.091,-0.9402 
2.0920000000000005,-0.9405 
2.093,-0.9406 
2.0940000000000003,-0.9407 
2.0949999999999998,-0.9409 
2.096,-0.9411 
2.0970000000000004,-0.9413 
2.098,-0.9414 
2.099,-0.9416 
2.1000000000000005,-0.9418 
2.101,-0.9419 
2.1020000000000003,-0.9421 
2.1029999999999998,-0.9423 
2.104,-0.9425 
2.1050000000000004,-0.9426 
2.106,-0.9428 
2.107,-0.943 
2.1080000000000005,-0.9431 
2.109,-0.9433 
2.1100000000000003,-0.9435 
2.1109999999999998,-0.9437 
2.112,-0.9438 
2.1130000000000004,-0.944 
2.114,-0.9442 
2.115,-0.9444 
2.1160000000000005,-0.9445 
2.117,-0.9447 
2.1180000000000003,-0.9449 
2.1189999999999998,-0.945 
2.12,-0.9452 
2.1210000000000004,-0.9454 
2.122,-0.9456 
2.123,-0.9458 
2.1239999999999997,-0.9459 
2.125,-0.9461 
2.1260000000000003,-0.9462 
2.127,-0.9464 
2.128,-0.9466 
2.1290000000000004,-0.9467 
2.13,-0.9469 
2.1310000000000002,-0.947 
2.1319999999999997,-0.9472 
2.133,-0.9474 
2.1340000000000003,-0.9476 
2.135,-0.9478 
2.136,-0.9479 
2.1370000000000005,-0.9481 
2.138,-0.9482 
2.1390000000000002,-0.9484 
2.1399999999999997,-0.9486 
2.141,-0.9488 
2.1420000000000003,-0.9489 
2.143,-0.9491 
2.144,-0.9493 
2.1450000000000005,-0.9494 
2.146,-0.9496 
2.1470000000000002,-0.9498 
2.1479999999999997,-0.9499 
2.149,-0.9502 
2.1500000000000004,-0.9503 
2.151,-0.9504 
2.152,-0.9506 
2.1530000000000005,-0.9508 
2.154,-0.951 
2.1550000000000002,-0.9511 
2.1559999999999997,-0.9513 
2.157,-0.9514 
2.1580000000000004,-0.9516 
2.159,-0.9518 
2.16,-0.9519 
2.1610000000000005,-0.9521 
2.162,-0.9523 
2.1630000000000003,-0.9524 
2.1639999999999997,-0.9526 
2.165,-0.9528 
2.1660000000000004,-0.953 
2.167,-0.9531 
2.168,-0.9533 
2.1690000000000005,-0.9534 
2.17,-0.9536 
2.1710000000000003,-0.9538 
2.1719999999999997,-0.954 
2.173,-0.9541 
2.1740000000000004,-0.9543 
2.175,-0.9544 
2.176,-0.9546 
2.1770000000000005,-0.9548 
2.178,-0.955 
2.1790000000000003,-0.9551 
2.1799999999999997,-0.9553 
2.181,-0.9554 
2.1820000000000004,-0.9556 
2.183,-0.9558 
2.184,-0.9559 
2.1850000000000005,-0.9562 
2.186,-0.9563 
2.1870000000000003,-0.9565 
2.1879999999999997,-0.9566 
2.189,-0.9568 
2.1900000000000004,-0.957 
2.191,-0.9571 
2.192,-0.9573 
2.1930000000000005,-0.9574 
2.194,-0.9576 
2.1950000000000003,-0.9578 
2.1959999999999997,-0.9579 
2.197,-0.9581 
2.1980000000000004,-0.9583 
2.199,-0.9585 
2.2,-0.9586 
2.2010000000000005,-0.9588 
2.202,-0.9589 
2.2030000000000003,-0.9591 
2.2039999999999997,-0.9593 
2.205,-0.9594 
2.2060000000000004,-0.9596 
2.207,-0.9598 
2.208,-0.9599 
2.2090000000000005,-0.9601 
2.21,-0.9602 
2.2110000000000003,-0.9604 
2.2119999999999997,-0.9606 
2.213,-0.9608 
2.2140000000000004,-0.9609 
2.215,-0.961 
2.216,-0.9612 
2.2170000000000005,-0.9614 
2.218,-0.9616 
2.2190000000000003,-0.9617 
2.2199999999999998,-0.9619 
2.221,-0.962 
2.2220000000000004,-0.9622 
2.223,-0.9624 
2.224,-0.9625 
2.2250000000000005,-0.9627 
2.226,-0.9629 
2.2270000000000003,-0.963 
2.2279999999999998,-0.9632 
2.229,-0.9633 
2.2300000000000004,-0.9635 
2.231,-0.9637 
2.232,-0.9639 
2.2330000000000005,-0.964 
2.234,-0.9642 
2.2350000000000003,-0.9643 
2.2359999999999998,-0.9645 
2.237,-0.9647 
2.2380000000000004,-0.9648 
2.239,-0.965 
2.24,-0.9651 
2.2410000000000005,-0.9653 
2.242,-0.9655 
2.2430000000000003,-0.9656 
2.2439999999999998,-0.9658 
2.245,-0.9659 
2.2460000000000004,-0.9661 
2.247,-0.9663 
2.248,-0.9664 
2.2489999999999997,-0.9666 
2.25,-0.9668 
2.2510000000000003,-0.9669 
2.252,-0.9671 
2.253,-0.9672 
2.2540000000000004,-0.9674 
2.255,-0.9676 
2.2560000000000002,-0.9677 
2.2569999999999997,-0.9679 
2.258,-0.9681 
2.2590000000000003,-0.9682 
2.26,-0.9683 
2.261,-0.9685 
2.2620000000000005,-0.9687 
2.263,-0.9689 
2.2640000000000002,-0.969 
2.2649999999999997,-0.9692 
2.266,-0.9693 
2.2670000000000003,-0.9695 
2.268,-0.9696 
2.269,-0.9698 
2.2700000000000005,-0.97 
2.271,-0.9701 
2.2720000000000002,-0.9703 
2.2729999999999997,-0.9704 
2.274,-0.9706 
2.2750000000000004,-0.9708 
2.276,-0.9709 
2.277,-0.9711 
2.2780000000000005,-0.9712 
2.279,-0.9714 
2.2800000000000002,-0.9715 
2.2809999999999997,-0.9717 
2.282,-0.9719 
2.2830000000000004,-0.972 
2.284,-0.9722 
2.285,-0.9724 
2.2860000000000005,-0.9725 
2.287,-0.9727 
2.2880000000000003,-0.9728 
2.2889999999999997,-0.973 
2.29,-0.9731 
2.2910000000000004,-0.9733 
2.292,-0.9735 
2.293,-0.9736 
2.2940000000000005,-0.9738 
2.295,-0.9739 
2.2960000000000003,-0.9741 
2.2969999999999997,-0.9742 
2.298,-0.9744 
2.2990000000000004,-0.9746 
2.3,-0.9747 
2.301,-0.9749 
2.3020000000000005,-0.975 
2.303,-0.9752 
2.3040000000000003,-0.9754 
2.3049999999999997,-0.9755 
2.306,-0.9757 
2.3070000000000004,-0.9758 
2.308,-0.9761 
2.309,-0.9762 
2.3100000000000005,-0.9763 
2.311,-0.9765 
2.3120000000000003,-0.9766 
2.3129999999999997,-0.9768 
2.314,-0.9769 
2.3150000000000004,-0.9771 
2.316,-0.9773 
2.317,-0.9774 
2.3180000000000005,-0.9776 
2.319,-0.9777 
2.3200000000000003,-0.9779 
2.3209999999999997,-0.978 
2.322,-0.9782 
2.3230000000000004,-0.9784 
2.324,-0.9785 
2.325,-0.9787 
2.3260000000000005,-0.9788 
2.327,-0.979 
2.3280000000000003,-0.9792 
2.3289999999999997,-0.9793 
2.33,-0.9794 
2.3310000000000004,-0.9796 
2.332,-0.9798 
2.333,-0.9799 
2.3340000000000005,-0.9801 
2.335,-0.9802 
2.3360000000000003,-0.9804 
2.3369999999999997,-0.9805 
2.338,-0.9807 
2.3390000000000004,-0.9808 
2.34,-0.981 
2.341,-0.9812 
2.3420000000000005,-0.9813 
2.343,-0.9815 
2.3440000000000003,-0.9816 
2.3449999999999998,-0.9818 
2.346,-0.982 
2.3470000000000004,-0.9821 
2.348,-0.9823 
2.349,-0.9824 
2.3500000000000005,-0.9825 
2.351,-0.9827 
2.3520000000000003,-0.9829 
2.3529999999999998,-0.9831 
2.354,-0.9832 
2.3550000000000004,-0.9833 
2.356,-0.9835 
2.357,-0.9836 
2.3580000000000005,-0.9838 
2.359,-0.984 
2.3600000000000003,-0.9841 
2.3609999999999998,-0.9843 
2.362,-0.9844 
2.3630000000000004,-0.9846 
2.364,-0.9847 
2.365,-0.9849 
2.3660000000000005,-0.985 
2.367,-0.9852 
2.3680000000000003,-0.9853 
2.3689999999999998,-0.9855 
2.37,-0.9856 
2.3710000000000004,-0.9858 
2.372,-0.986 
2.373,-0.9861 
2.3739999999999997,-0.9862 
2.375,-0.9864 
2.3760000000000003,-0.9866 
2.377,-0.9867 
2.378,-0.9868 
2.3790000000000004,-0.9871 
2.38,-0.9872 
2.3810000000000002,-0.9873 
2.3819999999999997,-0.9875 
2.383,-0.9876 
2.3840000000000003,-0.9878 
2.385,-0.9879 
2.386,-0.9881 
2.3870000000000005,-0.9882 
2.388,-0.9884 
2.3890000000000002,-0.9886 
2.3899999999999997,-0.9887 
2.391,-0.9889 
2.3920000000000003,-0.989 
2.393,-0.9891 
2.394,-0.9893 
2.3950000000000005,-0.9895 
2.396,-0.9896 
2.3970000000000002,-0.9898 
2.3979999999999997,-0.9899 
2.399,-0.9901 
2.4000000000000004,-0.9902 
2.401,-0.9903 
2.402,-0.9905 
2.4030000000000005,-0.9907 
2.404,-0.9908 
2.4050000000000002,-0.991 
2.4059999999999997,-0.9911 
2.407,-0.9913 
2.4080000000000004,-0.9914 
2.409,-0.9916 
2.41,-0.9917 
2.4110000000000005,-0.9919 
2.412,-0.9921 
2.4130000000000003,-0.9922 
2.4139999999999997,-0.9924 
2.415,-0.9925 
2.4160000000000004,-0.9927 
2.417,-0.9929 
2.418,-0.993 
2.4190000000000005,-0.9931 
2.42,-0.9932 
2.4210000000000003,-0.9934 
2.4219999999999997,-0.9936 
2.423,-0.9937 
2.4240000000000004,-0.9939 
2.425,-0.994 
2.426,-0.9942 
2.4270000000000005,-0.9943 
2.428,-0.9945 
2.4290000000000003,-0.9946 
2.4299999999999997,-0.9948 
2.431,-0.9949 
2.4320000000000004,-0.9951 
2.433,-0.9953 
2.434,-0.9954 
2.4350000000000005,-0.9955 
2.436,-0.9957 
2.4370000000000003,-0.9959 
2.4379999999999997,-0.996 
2.439,-0.9961 
2.4400000000000004,-0.9963 
2.441,-0.9965 
2.442,-0.9966 
2.4430000000000005,-0.9968 
2.444,-0.9969 
2.4450000000000003,-0.997 
2.4459999999999997,-0.9972 
2.447,-0.9974 
2.4480000000000004,-0.9976 
2.449,-0.9976 
2.45,-0.9978 
2.4510000000000005,-0.998 
2.452,-0.9981 
2.4530000000000003,-0.9982 
2.4539999999999997,-0.9984 
2.455,-0.9986 
2.4560000000000004,-0.9987 
2.457,-0.9989 
2.458,-0.999 
2.4590000000000005,-0.9992 
2.46,-0.9993 
2.4610000000000003,-0.9995 
2.4619999999999997,-0.9996 
2.463,-0.9997 
2.4640000000000004,-0.9999 
