cp40.txt
0.0,-0.9995 
0.0010000000000000009,-0.6053 
0.0020000000000000018,-0.5898 
0.0030000000000000027,-0.5777 
0.0040000000000000036,-0.565 
0.0050000000000000044,-0.5542 
0.006000000000000005,-0.5443 
0.007000000000000006,-0.5352 
0.008000000000000007,-0.527 
0.009000000000000008,-0.5199 
0.010000000000000009,-0.5136 
0.01100000000000001,-0.5074 
0.01200000000000001,-0.5009 
0.013000000000000012,-0.4942 
0.014000000000000012,-0.4878 
0.015000000000000013,-0.4814 
0.016000000000000014,-0.4754 
0.017000000000000015,-0.4696 
0.018000000000000016,-0.4639 
0.019000000000000017,-0.4584 
0.020000000000000018,-0.4531 
0.02100000000000002,-0.448 
0.02200000000000002,-0.4429 
0.02300000000000002,-0.4381 
0.02400000000000002,-0.4334 
0.025000000000000022,-0.4289 
0.026000000000000023,-0.4244 
0.027000000000000024,-0.4201 
0.028000000000000025,-0.4159 
0.029000000000000026,-0.4117 
0.030000000000000027,-0.4077 
0.031000000000000028,-0.4037 
0.03200000000000003,-0.3999 
0.03300000000000003,-0.3962 
0.03400000000000003,-0.3925 
0.03500000000000003,-0.3889 
0.03600000000000003,-0.3853 
0.03700000000000003,-0.3818 
0.038000000000000034,-0.3783 
0.039000000000000035,-0.375 
0.040000000000000036,-0.3717 
0.041000000000000036,-0.3683 
0.04200000000000004,-0.3651 
0.04300000000000004,-0.3619 
0.04400000000000004,-0.3588 
0.04500000000000004,-0.3557 
0.04600000000000004,-0.3527 
0.04700000000000004,-0.3497 
0.04800000000000004,-0.3467 
0.049000000000000044,-0.3438 
0.050000000000000044,-0.3409 
0.051000000000000045,-0.338 
0.052000000000000046,-0.3352 
0.05300000000000005,-0.3324 
0.05400000000000005,-0.3297 
0.05500000000000005,-0.3269 
0.05600000000000005,-0.3242 
0.05700000000000005,-0.3215 
0.05800000000000005,-0.3189 
0.05900000000000005,-0.3163 
0.06000000000000005,-0.3136 
0.061000000000000054,-0.3111 
0.062000000000000055,-0.3084 
0.06300000000000006,-0.3059 
0.06400000000000006,-0.3033 
0.06500000000000006,-0.3008 
0.06600000000000006,-0.2983 
0.06700000000000006,-0.2958 
0.06800000000000006,-0.2933 
0.06900000000000006,-0.2909 
0.07000000000000006,-0.2884 
0.07100000000000006,-0.286 
0.07200000000000006,-0.2837 
0.07300000000000006,-0.2814 
0.07400000000000007,-0.2791 
0.07500000000000007,-0.2769 
0.07600000000000007,-0.2747 
0.07700000000000007,-0.2725 
0.07800000000000007,-0.2704 
0.07900000000000007,-0.2682 
0.08000000000000007,-0.266 
0.08100000000000007,-0.2641 
0.08200000000000007,-0.2625 
0.08300000000000007,-0.2611 
0.08400000000000007,-0.2597 
0.08500000000000008,-0.2582 
0.08599999999999997,-0.2566 
0.08699999999999997,-0.255 
0.08799999999999997,-0.2533 
0.08899999999999997,-0.2514 
0.08999999999999997,-0.2496 
0.09099999999999997,-0.2478 
0.09199999999999997,-0.246 
0.09299999999999997,-0.244 
0.09399999999999997,-0.2421 
0.09499999999999997,-0.2402 
0.09599999999999997,-0.2383 
0.09699999999999998,-0.2363 
0.09799999999999998,-0.2342 
0.09899999999999998,-0.2321 
0.09999999999999998,-0.2297 
0.10099999999999998,-0.2273 
0.10199999999999998,-0.2246 
0.10299999999999998,-0.2219 
0.10399999999999998,-0.2193 
0.10499999999999998,-0.217 
0.10599999999999998,-0.2155 
0.10699999999999998,-0.2144 
0.10799999999999998,-0.2135 
0.10899999999999999,-0.2125 
0.10999999999999999,-0.2114 
0.11099999999999999,-0.2101 
0.11199999999999999,-0.2086 
0.11299999999999999,-0.207 
0.11399999999999999,-0.2055 
0.11499999999999999,-0.2042 
0.11599999999999999,-0.203 
0.11699999999999999,-0.202 
0.118,-0.2012 
0.119,-0.2003 
0.12,-0.1993 
0.121,-0.1982 
0.122,-0.1971 
0.123,-0.196 
0.124,-0.1947 
0.125,-0.1935 
0.126,-0.1922 
0.127,-0.1909 
0.128,-0.1896 
0.129,-0.1883 
0.13,-0.187 
0.131,-0.1857 
0.132,-0.1844 
0.133,-0.1831 
0.134,-0.1818 
0.135,-0.1805 
0.136,-0.1793 
0.137,-0.178 
0.138,-0.1767 
0.139,-0.1755 
0.14,-0.1742 
0.14100000000000001,-0.173 
0.14200000000000002,-0.1717 
0.14300000000000002,-0.1705 
0.14400000000000002,-0.1693 
0.14500000000000002,-0.168 
0.14600000000000002,-0.1668 
0.14700000000000002,-0.1656 
0.14800000000000002,-0.1644 
0.1489999999999999,-0.1632 
0.15000000000000002,-0.162 
0.1509999999999999,-0.1609 
0.15200000000000002,-0.1597 
0.1529999999999999,-0.1585 
0.15400000000000003,-0.1574 
0.15499999999999992,-0.1562 
0.15600000000000003,-0.1551 
0.15699999999999992,-0.1539 
0.15800000000000003,-0.1528 
0.15899999999999992,-0.1516 
0.16000000000000003,-0.1505 
0.16099999999999992,-0.1494 
0.16200000000000003,-0.1482 
0.16299999999999992,-0.1472 
0.16400000000000003,-0.146 
0.16499999999999992,-0.1449 
0.16600000000000004,-0.1438 
0.16699999999999993,-0.1428 
0.16800000000000004,-0.1417 
0.16899999999999993,-0.1406 
0.17000000000000004,-0.1395 
0.17099999999999993,-0.1385 
0.17200000000000004,-0.1374 
0.17299999999999993,-0.1364 
0.17400000000000004,-0.1353 
0.17499999999999993,-0.1343 
0.17600000000000005,-0.1332 
0.17699999999999994,-0.1322 
0.17800000000000005,-0.1312 
0.17899999999999994,-0.1302 
0.18000000000000005,-0.1292 
0.18099999999999994,-0.1282 
0.18200000000000005,-0.1272 
0.18299999999999994,-0.1261 
0.18400000000000005,-0.1251 
0.18499999999999994,-0.1242 
0.18600000000000005,-0.1232 
0.18699999999999994,-0.1223 
0.18800000000000006,-0.1213 
0.18899999999999995,-0.1203 
0.19000000000000006,-0.1193 
0.19099999999999995,-0.1184 
0.19200000000000006,-0.1174 
0.19299999999999995,-0.1165 
0.19400000000000006,-0.1156 
0.19499999999999995,-0.1146 
0.19600000000000006,-0.1137 
0.19699999999999995,-0.1127 
0.19800000000000006,-0.1118 
0.19899999999999995,-0.1109 
0.20000000000000007,-0.11 
0.20099999999999996,-0.1091 
0.20200000000000007,-0.1081 
0.20299999999999996,-0.1073 
0.20400000000000007,-0.1063 
0.20499999999999996,-0.1054 
0.20600000000000007,-0.1046 
0.20699999999999996,-0.1037 
0.20800000000000007,-0.1028 
0.20899999999999996,-0.1019 
0.21000000000000008,-0.101 
0.21099999999999997,-0.1001 
0.21200000000000008,-0.0993 
0.21299999999999997,-0.09848 
0.21400000000000008,-0.0976 
0.21499999999999997,-0.09673 
0.21600000000000008,-0.09588 
0.21699999999999997,-0.09502 
0.21800000000000008,-0.09423 
0.21899999999999997,-0.09335 
0.22000000000000008,-0.09254 
0.22099999999999997,-0.09169 
0.2220000000000001,-0.09085 
0.22299999999999998,-0.09003 
0.2240000000000001,-0.08921 
0.22499999999999998,-0.08841 
0.2260000000000001,-0.08759 
0.22699999999999998,-0.08678 
0.2280000000000001,-0.08599 
0.22899999999999998,-0.08518 
0.2300000000000001,-0.08441 
0.23099999999999998,-0.0836 
0.2320000000000001,-0.08283 
0.23299999999999998,-0.08203 
0.2340000000000001,-0.08125 
0.235,-0.08047 
0.2360000000000001,-0.0797 
0.237,-0.079 
0.2380000000000001,-0.07818 
0.239,-0.07746 
0.2400000000000001,-0.07665 
0.241,-0.07589 
0.2420000000000001,-0.07515 
0.243,-0.07437 
0.2440000000000001,-0.07365 
0.245,-0.07287 
0.2460000000000001,-0.07214 
0.247,-0.07139 
0.2480000000000001,-0.07067 
0.249,-0.06991 
0.2500000000000001,-0.06921 
0.251,-0.06852 
0.2520000000000001,-0.06774 
0.253,-0.06704 
0.2540000000000001,-0.0663 
0.255,-0.06558 
0.2560000000000001,-0.06489 
0.257,-0.06417 
0.2580000000000001,-0.06349 
0.259,-0.06274 
0.2600000000000001,-0.06204 
0.261,-0.06134 
0.2620000000000001,-0.06064 
0.263,-0.05997 
0.2640000000000001,-0.05928 
0.265,-0.05859 
0.2660000000000001,-0.0579 
0.267,-0.05723 
0.2680000000000001,-0.05653 
0.269,-0.05588 
0.27000000000000013,-0.05522 
0.271,-0.05452 
0.27200000000000013,-0.05385 
0.273,-0.05316 
0.2739999999999999,-0.05249 
0.275,-0.05187 
0.2759999999999999,-0.05119 
0.277,-0.05053 
0.2779999999999999,-0.04989 
0.279,-0.04924 
0.2799999999999999,-0.0486 
0.281,-0.04793 
0.2819999999999999,-0.04732 
0.28300000000000003,-0.04666 
0.2839999999999999,-0.04602 
0.28500000000000003,-0.04538 
0.2859999999999999,-0.04478 
0.28700000000000003,-0.04414 
0.2879999999999999,-0.04349 
0.28900000000000003,-0.04291 
0.2899999999999999,-0.04226 
0.29100000000000004,-0.04164 
0.2919999999999999,-0.04101 
0.29300000000000004,-0.04041 
0.29399999999999993,-0.03981 
0.29500000000000004,-0.03918 
0.29599999999999993,-0.03859 
0.29700000000000004,-0.03794 
0.29799999999999993,-0.03738 
0.29900000000000004,-0.03675 
0.29999999999999993,-0.03616 
0.30100000000000005,-0.03555 
0.30199999999999994,-0.03495 
0.30300000000000005,-0.03435 
0.30399999999999994,-0.03376 
0.30500000000000005,-0.03317 
0.30599999999999994,-0.03255 
0.30700000000000005,-0.03193 
0.30799999999999994,-0.03139 
0.30900000000000005,-0.0308 
0.30999999999999994,-0.03026 
0.31100000000000005,-0.02963 
0.31199999999999994,-0.02905 
0.31300000000000006,-0.02853 
0.31399999999999995,-0.02791 
0.31500000000000006,-0.02739 
0.31599999999999995,-0.02678 
0.31700000000000006,-0.02623 
0.31799999999999995,-0.02564 
0.31900000000000006,-0.02507 
0.31999999999999995,-0.02454 
0.32100000000000006,-0.02396 
0.32199999999999995,-0.02343 
0.32300000000000006,-0.02284 
0.32399999999999995,-0.02228 
0.32500000000000007,-0.0217 
0.32599999999999996,-0.02117 
0.32700000000000007,-0.02064 
0.32799999999999996,-0.02007 
0.32900000000000007,-0.01957 
0.32999999999999996,-0.019 
0.33100000000000007,-0.01845 
0.33199999999999996,-0.01795 
0.3330000000000001,-0.01738 
0.33399999999999996,-0.01687 
0.3350000000000001,-0.01629 
0.33599999999999997,-0.01576 
0.3370000000000001,-0.01522 
0.33799999999999997,-0.01468 
0.3390000000000001,-0.01416 
0.33999999999999997,-0.01364 
0.3410000000000001,-0.01312 
0.34199999999999997,-0.01258 
0.3430000000000001,-0.01208 
0.344,-0.01153 
0.3450000000000001,-0.01101 
0.346,-0.01053 
0.3470000000000001,-0.01002 
0.348,-0.009481 
0.3490000000000001,-0.008983 
0.35,-0.008456 
0.3510000000000001,-0.007995 
0.352,-0.007451 
0.3530000000000001,-0.00698 
0.354,-0.006443 
0.3550000000000001,-0.005957 
0.356,-0.005472 
0.3570000000000001,-0.004948 
0.358,-0.004498 
0.3590000000000001,-0.003992 
0.36,-0.003467 
0.3610000000000001,-0.002983 
0.362,-0.002505 
0.3630000000000001,-0.001977 
0.364,-0.001486 
0.3650000000000001,-0.001051 
0.366,-0.0005241 
0.3670000000000001,-4.696e-05 
0.368,-0.418 
0.3690000000000001,-0.4478 
0.37,-0.4744 
0.3710000000000001,-0.495 
0.372,-0.5123 
0.3730000000000001,-0.5273 
0.374,-0.5407 
0.3750000000000001,-0.5529 
0.376,-0.5639 
0.3770000000000001,-0.574 
0.378,-0.5832 
0.3790000000000001,-0.5919 
0.38,-0.6002 
0.3810000000000001,-0.6081 
0.382,-0.6154 
0.3830000000000001,-0.6223 
0.384,-0.6287 
0.3850000000000001,-0.6349 
0.386,-0.6408 
0.3870000000000001,-0.6464 
0.388,-0.6517 
0.3890000000000001,-0.6567 
0.39,-0.6615 
0.3910000000000001,-0.666 
0.392,-0.6703 
0.3930000000000001,-0.6747 
0.394,-0.6792 
0.39500000000000013,-0.6837 
0.396,-0.6881 
0.39700000000000013,-0.6925 
0.398,-0.6967 
0.3989999999999999,-0.7008 
0.4,-0.7048 
0.4009999999999999,-0.7087 
0.402,-0.7124 
0.4029999999999999,-0.7158 
0.404,-0.7189 
0.4049999999999999,-0.7217 
0.406,-0.7244 
0.4069999999999999,-0.7271 
0.40800000000000003,-0.7297 
0.4089999999999999,-0.7324 
0.41000000000000003,-0.7349 
0.4109999999999999,-0.7376 
0.41200000000000003,-0.7402 
0.4129999999999999,-0.7429 
0.41400000000000003,-0.7457 
0.4149999999999999,-0.7485 
0.41600000000000004,-0.7514 
0.4169999999999999,-0.7546 
0.41800000000000004,-0.7582 
0.41899999999999993,-0.7623 
0.42000000000000004,-0.7659 
0.42099999999999993,-0.7686 
0.42200000000000004,-0.7715 
0.42299999999999993,-0.7746 
0.42400000000000004,-0.7773 
0.42499999999999993,-0.7796 
0.42600000000000005,-0.7811 
0.42699999999999994,-0.7818 
0.42800000000000005,-0.7829 
0.42899999999999994,-0.7843 
0.43000000000000005,-0.7862 
0.43099999999999994,-0.7886 
0.43200000000000005,-0.7912 
0.43299999999999994,-0.794 
0.43400000000000005,-0.7965 
0.43499999999999994,-0.7987 
0.43600000000000005,-0.8004 
0.43699999999999994,-0.8021 
0.43800000000000006,-0.8038 
0.43899999999999995,-0.8055 
0.44000000000000006,-0.8073 
0.44099999999999995,-0.809 
0.44200000000000006,-0.8108 
0.44299999999999995,-0.8124 
0.44400000000000006,-0.8141 
0.44499999999999995,-0.8159 
0.44600000000000006,-0.8176 
0.44699999999999995,-0.8194 
0.44800000000000006,-0.8211 
0.44899999999999995,-0.8229 
0.45000000000000007,-0.8247 
0.45099999999999996,-0.8265 
0.45200000000000007,-0.8282 
0.45299999999999996,-0.8299 
0.45400000000000007,-0.8317 
0.45499999999999996,-0.8334 
0.45600000000000007,-0.835 
0.45699999999999996,-0.8366 
0.4580000000000001,-0.8383 
0.45899999999999996,-0.8399 
0.4600000000000001,-0.8414 
0.46099999999999997,-0.8429 
0.4620000000000001,-0.8442 
0.46299999999999997,-0.8456 
0.4640000000000001,-0.8471 
0.46499999999999997,-0.8487 
0.4660000000000001,-0.8502 
0.46699999999999997,-0.8516 
0.4680000000000001,-0.8531 
0.469,-0.8544 
0.4700000000000001,-0.8557 
0.471,-0.857 
0.4720000000000001,-0.8583 
0.473,-0.8595 
0.4740000000000001,-0.8606 
0.475,-0.8617 
0.4760000000000001,-0.8627 
0.477,-0.8637 
0.4780000000000001,-0.8647 
0.479,-0.8655 
0.4800000000000001,-0.8665 
0.481,-0.8674 
0.4820000000000001,-0.8683 
0.483,-0.8693 
0.4840000000000001,-0.8703 
0.485,-0.8714 
0.4860000000000001,-0.8724 
0.487,-0.8734 
0.4880000000000001,-0.8745 
0.489,-0.8756 
0.4900000000000001,-0.8766 
0.491,-0.8777 
0.4920000000000001,-0.8788 
0.493,-0.8799 
0.4940000000000001,-0.8809 
0.495,-0.882 
0.4960000000000001,-0.883 
0.497,-0.8841 
0.4980000000000001,-0.8851 
0.499,-0.8862 
0.5000000000000001,-0.8872 
0.501,-0.8883 
0.5020000000000001,-0.8893 
0.503,-0.8903 
0.5040000000000001,-0.8914 
0.505,-0.8923 
0.5060000000000001,-0.8934 
0.507,-0.8944 
0.5080000000000001,-0.8954 
0.509,-0.8964 
0.5100000000000001,-0.8974 
0.511,-0.8984 
0.5120000000000001,-0.8993 
0.513,-0.9003 
0.5140000000000001,-0.9012 
0.515,-0.9022 
0.5160000000000001,-0.9032 
0.517,-0.9041 
0.5180000000000001,-0.9051 
0.519,-0.906 
0.5200000000000001,-0.9069 
0.521,-0.9078 
0.5220000000000001,-0.9087 
0.523,-0.9097 
0.5239999999999999,-0.9105 
0.525,-0.9114 
0.5259999999999999,-0.9123 
0.527,-0.9132 
0.5279999999999999,-0.9141 
0.529,-0.915 
0.5299999999999999,-0.9159 
0.531,-0.9167 
0.5319999999999999,-0.9176 
0.533,-0.9184 
0.5339999999999999,-0.9193 
0.535,-0.9202 
0.5359999999999999,-0.921 
0.537,-0.9219 
0.5379999999999999,-0.9227 
0.539,-0.9235 
0.5399999999999999,-0.9243 
0.541,-0.9252 
0.5419999999999999,-0.926 
0.543,-0.9268 
0.5439999999999999,-0.9276 
0.545,-0.9284 
0.5459999999999999,-0.9292 
0.547,-0.93 
0.5479999999999999,-0.9308 
0.549,-0.9316 
0.5499999999999999,-0.9323 
0.551,-0.9331 
0.5519999999999999,-0.9339 
0.553,-0.9347 
0.5539999999999999,-0.9355 
0.555,-0.9362 
0.5559999999999999,-0.937 
0.557,-0.9377 
0.5579999999999999,-0.9385 
0.559,-0.9392 
0.5599999999999999,-0.94 
0.561,-0.9407 
0.5619999999999999,-0.9414 
0.5630000000000001,-0.9421 
0.564,-0.9428 
0.5650000000000001,-0.9436 
0.566,-0.9443 
0.5670000000000001,-0.945 
0.568,-0.9457 
0.5690000000000001,-0.9464 
0.57,-0.9471 
0.5710000000000001,-0.9478 
0.572,-0.9485 
0.5730000000000001,-0.9492 
0.574,-0.9499 
0.5750000000000001,-0.9506 
0.576,-0.9512 
0.5770000000000001,-0.9519 
0.578,-0.9526 
0.5790000000000001,-0.9533 
0.58,-0.9539 
0.5810000000000001,-0.9546 
0.582,-0.9553 
0.5830000000000001,-0.9559 
0.584,-0.9566 
0.5850000000000001,-0.9572 
0.586,-0.9579 
0.5870000000000001,-0.9586 
0.588,-0.9592 
0.5890000000000001,-0.9598 
0.59,-0.9605 
0.5910000000000001,-0.9611 
0.592,-0.9618 
0.5930000000000001,-0.9623 
0.594,-0.963 
0.5950000000000001,-0.9636 
0.596,-0.9642 
0.5970000000000001,-0.9649 
0.598,-0.9655 
0.5990000000000001,-0.9661 
0.6,-0.9667 
0.6010000000000001,-0.9673 
0.602,-0.9679 
0.6030000000000001,-0.9685 
0.604,-0.9691 
0.6050000000000001,-0.9697 
0.606,-0.9704 
0.6070000000000001,-0.9709 
0.608,-0.9715 
0.6090000000000001,-0.9721 
0.61,-0.9727 
0.6110000000000001,-0.9733 
0.612,-0.9738 
0.6130000000000001,-0.9744 
0.614,-0.9749 
0.6150000000000001,-0.9755 
0.616,-0.9761 
0.6170000000000001,-0.9767 
0.618,-0.9773 
0.6190000000000001,-0.9778 
0.62,-0.9784 
0.6210000000000001,-0.9789 
0.622,-0.9795 
0.6230000000000001,-0.98 
0.624,-0.9806 
0.6250000000000001,-0.9812 
0.626,-0.9817 
0.6270000000000001,-0.9822 
0.628,-0.9827 
0.6290000000000001,-0.9833 
0.63,-0.9839 
0.6310000000000001,-0.9844 
0.632,-0.9849 
0.6330000000000001,-0.9854 
0.634,-0.9859 
0.6350000000000001,-0.9865 
0.636,-0.987 
0.6370000000000001,-0.9875 
0.638,-0.988 
0.6390000000000001,-0.9886 
0.64,-0.9891 
0.6410000000000001,-0.9896 
0.642,-0.9901 
0.6430000000000001,-0.9906 
0.644,-0.9911 
0.6450000000000001,-0.9916 
0.646,-0.9921 
0.6470000000000001,-0.9926 
0.648,-0.9931 
0.6489999999999999,-0.9937 
0.65,-0.9941 
0.6509999999999999,-0.9947 
0.652,-0.9951 
0.6529999999999999,-0.9956 
0.654,-0.9961 
0.6549999999999999,-0.9966 
0.656,-0.9971 
0.6569999999999999,-0.9976 
0.658,-0.9981 
0.6589999999999999,-0.9986 
0.66,-0.9991 
0.6609999999999999,-0.9995 
0.662,-1.0 
