cp50.txt
0.0,-0.9989 
0.0010000000000000009,-0.5219 
0.0020000000000000018,-0.5054 
0.0030000000000000027,-0.4879 
0.0040000000000000036,-0.4726 
0.0050000000000000044,-0.4585 
0.006000000000000005,-0.4457 
0.007000000000000006,-0.4344 
0.008000000000000007,-0.4251 
0.009000000000000008,-0.4162 
0.010000000000000009,-0.407 
0.01100000000000001,-0.398 
0.01200000000000001,-0.3893 
0.013000000000000012,-0.3806 
0.014000000000000012,-0.3723 
0.015000000000000013,-0.3644 
0.016000000000000014,-0.3569 
0.017000000000000015,-0.3496 
0.018000000000000016,-0.3426 
0.019000000000000017,-0.3358 
0.020000000000000018,-0.3293 
0.02100000000000002,-0.323 
0.02200000000000002,-0.3169 
0.02300000000000002,-0.311 
0.02400000000000002,-0.3051 
0.025000000000000022,-0.2994 
0.026000000000000023,-0.2938 
0.027000000000000024,-0.2884 
0.028000000000000025,-0.2831 
0.029000000000000026,-0.2779 
0.030000000000000027,-0.2728 
0.031000000000000028,-0.2678 
0.03200000000000003,-0.2629 
0.03300000000000003,-0.258 
0.03400000000000003,-0.2532 
0.034999999999999976,-0.2485 
0.035999999999999976,-0.2439 
0.03699999999999998,-0.2394 
0.03799999999999998,-0.2348 
0.03899999999999998,-0.2304 
0.03999999999999998,-0.2259 
0.04099999999999998,-0.2215 
0.04199999999999998,-0.2171 
0.04299999999999998,-0.2127 
0.043999999999999984,-0.2084 
0.044999999999999984,-0.2042 
0.045999999999999985,-0.2003 
0.046999999999999986,-0.1964 
0.04799999999999999,-0.1925 
0.04899999999999999,-0.1887 
0.04999999999999999,-0.1848 
0.05099999999999999,-0.1808 
0.05199999999999999,-0.1775 
0.05299999999999999,-0.1754 
0.05399999999999999,-0.1738 
0.05499999999999999,-0.1717 
0.055999999999999994,-0.1691 
0.056999999999999995,-0.1663 
0.057999999999999996,-0.1633 
0.059,-0.1602 
0.06,-0.1571 
0.061,-0.154 
0.062,-0.1507 
0.063,-0.1474 
0.064,-0.1439 
0.065,-0.1403 
0.066,-0.1363 
0.067,-0.132 
0.068,-0.1275 
0.069,-0.1232 
0.07,-0.1199 
0.07100000000000001,-0.1181 
0.07200000000000001,-0.1168 
0.07300000000000001,-0.1152 
0.07400000000000001,-0.1132 
0.07500000000000001,-0.1108 
0.07600000000000001,-0.1082 
0.07700000000000001,-0.1057 
0.07800000000000001,-0.1035 
0.07900000000000001,-0.1018 
0.08000000000000002,-0.1003 
0.08100000000000002,-0.09881 
0.08200000000000002,-0.09729 
0.08300000000000002,-0.09557 
0.08400000000000002,-0.09373 
0.08500000000000002,-0.09179 
0.08600000000000002,-0.08983 
0.08700000000000002,-0.08782 
0.08800000000000002,-0.08582 
0.08900000000000002,-0.08385 
0.09000000000000002,-0.08179 
0.09100000000000003,-0.07985 
0.09200000000000003,-0.07782 
0.09300000000000003,-0.07584 
0.09400000000000003,-0.07386 
0.09500000000000003,-0.0719 
0.09600000000000003,-0.06999 
0.09700000000000003,-0.06802 
0.09799999999999998,-0.06609 
0.09899999999999998,-0.06423 
0.09999999999999998,-0.06233 
0.10099999999999998,-0.06047 
0.10199999999999998,-0.05861 
0.10299999999999998,-0.05677 
0.10399999999999998,-0.05496 
0.10499999999999998,-0.05314 
0.10599999999999998,-0.05135 
0.10699999999999998,-0.04958 
0.10799999999999998,-0.04786 
0.10899999999999999,-0.0461 
0.10999999999999999,-0.04441 
0.11099999999999999,-0.04269 
0.11199999999999999,-0.04101 
0.11299999999999999,-0.03936 
0.11399999999999999,-0.03768 
0.11499999999999999,-0.03607 
0.11599999999999999,-0.03437 
0.11699999999999999,-0.03275 
0.118,-0.03117 
0.119,-0.02958 
0.12,-0.02803 
0.121,-0.02645 
0.122,-0.02488 
0.123,-0.02335 
0.124,-0.02183 
0.125,-0.02032 
0.126,-0.01881 
0.127,-0.01738 
0.128,-0.01587 
0.129,-0.01442 
0.13,-0.01299 
0.131,-0.01153 
0.132,-0.01018 
0.133,-0.008754 
0.134,-0.007375 
0.135,-0.005979 
0.136,-0.004602 
0.137,-0.003259 
0.138,-0.001928 
0.139,-0.0006019 
0.14,-0.5085 
0.14100000000000001,-0.5416 
0.14200000000000002,-0.57 
0.14300000000000002,-0.5926 
0.14400000000000002,-0.6118 
0.14500000000000002,-0.6286 
0.14600000000000002,-0.6434 
0.14700000000000002,-0.6567 
0.14800000000000002,-0.6686 
0.14900000000000002,-0.6794 
0.15000000000000002,-0.6894 
0.15100000000000002,-0.6987 
0.15200000000000002,-0.7078 
0.15300000000000002,-0.7163 
0.15400000000000003,-0.7243 
0.15500000000000003,-0.7318 
0.15600000000000003,-0.739 
0.15700000000000003,-0.7457 
0.15800000000000003,-0.7521 
0.15900000000000003,-0.7582 
0.15999999999999998,-0.7643 
0.16099999999999998,-0.7703 
0.16199999999999998,-0.7763 
0.16299999999999998,-0.7822 
0.16399999999999998,-0.788 
0.16499999999999998,-0.7936 
0.16599999999999998,-0.7989 
0.16699999999999998,-0.8038 
0.16799999999999998,-0.8084 
0.16899999999999998,-0.8125 
0.16999999999999998,-0.8161 
0.17099999999999999,-0.8196 
0.172,-0.8231 
0.173,-0.8265 
0.174,-0.83 
0.175,-0.8336 
0.176,-0.8374 
0.177,-0.8413 
0.178,-0.8456 
0.179,-0.8507 
0.18,-0.8562 
0.181,-0.8609 
0.182,-0.8651 
0.183,-0.8695 
0.184,-0.8733 
0.185,-0.8759 
0.186,-0.8768 
0.187,-0.8779 
0.188,-0.88 
0.189,-0.883 
0.19,-0.8868 
0.191,-0.8907 
0.192,-0.894 
0.193,-0.8965 
0.194,-0.8988 
0.195,-0.9011 
0.196,-0.9035 
0.197,-0.9059 
0.198,-0.9082 
0.199,-0.9105 
0.2,-0.9128 
0.201,-0.9151 
0.202,-0.9177 
0.203,-0.9201 
0.20400000000000001,-0.9225 
0.20500000000000002,-0.925 
0.20600000000000002,-0.9275 
0.20700000000000002,-0.9299 
0.20800000000000002,-0.9322 
0.20900000000000002,-0.9346 
0.21000000000000002,-0.9369 
0.21100000000000002,-0.9391 
0.21200000000000002,-0.9411 
0.21300000000000002,-0.9431 
0.21400000000000002,-0.9451 
0.21500000000000002,-0.9472 
0.21600000000000003,-0.9493 
0.21700000000000003,-0.9513 
0.21800000000000003,-0.9533 
0.21900000000000003,-0.9551 
0.22000000000000003,-0.9569 
0.22100000000000003,-0.9586 
0.22200000000000003,-0.9602 
0.22300000000000003,-0.9616 
0.22400000000000003,-0.963 
0.22500000000000003,-0.9642 
0.22600000000000003,-0.9655 
0.22700000000000004,-0.9666 
0.22800000000000004,-0.9679 
0.22900000000000004,-0.9691 
0.23000000000000004,-0.9704 
0.23100000000000004,-0.9717 
0.23200000000000004,-0.9731 
0.23300000000000004,-0.9745 
0.23400000000000004,-0.9759 
0.23500000000000004,-0.9774 
0.23600000000000004,-0.9788 
0.23700000000000004,-0.9803 
0.23800000000000004,-0.9817 
0.23900000000000005,-0.9831 
0.24000000000000005,-0.9846 
0.24100000000000005,-0.986 
0.24200000000000005,-0.9874 
0.24300000000000005,-0.9888 
0.24400000000000005,-0.9902 
0.24500000000000005,-0.9917 
0.24600000000000005,-0.993 
0.24700000000000005,-0.9944 
0.24800000000000005,-0.9958 
0.24900000000000005,-0.9971 
0.25000000000000006,-0.9984 
0.25100000000000006,-0.9998 
