cp80.txt
0.0,-0.9955 
0.0010000000000000009,-0.3658 
0.0020000000000000018,-0.3195 
0.0030000000000000027,-0.2848 
0.0040000000000000036,-0.2572 
0.0049999999999999975,-0.2338 
0.005999999999999998,-0.2126 
0.006999999999999999,-0.1933 
0.008,-0.1755 
0.009000000000000001,-0.1591 
0.010000000000000002,-0.1434 
0.011000000000000003,-0.1282 
0.012000000000000004,-0.1119 
0.013000000000000005,-0.09667 
0.014000000000000005,-0.08715 
0.015000000000000006,-0.07342 
0.016000000000000007,-0.06118 
0.016999999999999994,-0.06695 
0.017999999999999995,-0.06173 
0.018999999999999996,-0.05378 
0.019999999999999997,-0.04543 
0.020999999999999998,-0.03701 
0.022,-0.02811 
0.023,-0.01875 
0.024,-0.00875 
0.025,-0.699 
0.026000000000000002,-0.7461 
0.027000000000000003,-0.7816 
0.028000000000000004,-0.81 
0.029000000000000005,-0.834 
0.030000000000000006,-0.8537 
0.031000000000000007,-0.8682 
0.031999999999999994,-0.8811 
0.032999999999999995,-0.894 
0.033999999999999996,-0.9085 
0.034999999999999996,-0.9242 
0.036,-0.9372 
0.037,-0.949 
0.038,-0.9568 
0.039,-0.9615 
0.04,-0.9689 
0.041,-0.9785 
0.042,-0.9871 
0.043000000000000003,-0.9937 
