cp60.txt
0.0,-0.9998 
0.0009999999999994458,-0.7538 
0.0019999999999997797,-0.741 
0.0030000000000001137,-0.7331 
0.0039999999999995595,-0.7259 
0.004999999999999893,-0.7156 
0.005999999999999339,-0.7092 
0.006999999999999673,-0.7033 
0.008000000000000007,-0.6977 
0.008999999999999453,-0.6925 
0.009999999999999787,-0.6877 
0.01100000000000012,-0.6832 
0.011999999999999567,-0.6789 
0.0129999999999999,-0.6748 
0.013999999999999346,-0.6709 
0.01499999999999968,-0.667 
0.016000000000000014,-0.6632 
0.01699999999999946,-0.6594 
0.017999999999999794,-0.6558 
0.019000000000000128,-0.6524 
0.019999999999999574,-0.649 
0.020999999999999908,-0.6457 
0.021999999999999353,-0.6425 
0.022999999999999687,-0.6394 
0.02400000000000002,-0.6364 
0.024999999999999467,-0.6335 
0.0259999999999998,-0.6307 
0.027000000000000135,-0.6279 
0.02799999999999958,-0.6252 
0.028999999999999915,-0.6226 
0.02999999999999936,-0.62 
0.030999999999999694,-0.6175 
0.03200000000000003,-0.6151 
0.032999999999999474,-0.6127 
0.03399999999999981,-0.6104 
0.03500000000000014,-0.6081 
0.03599999999999959,-0.6058 
0.03699999999999992,-0.6036 
0.03799999999999937,-0.6014 
0.0389999999999997,-0.5994 
0.040000000000000036,-0.5973 
0.04099999999999948,-0.5953 
0.041999999999999815,-0.5933 
0.04300000000000015,-0.5913 
0.043999999999999595,-0.5894 
0.04499999999999993,-0.5875 
0.045999999999999375,-0.5857 
0.04699999999999971,-0.5838 
0.04800000000000004,-0.582 
0.04899999999999949,-0.5803 
0.04999999999999982,-0.5785 
0.051000000000000156,-0.5768 
0.0519999999999996,-0.5751 
0.052999999999999936,-0.5734 
0.05399999999999938,-0.5718 
0.054999999999999716,-0.5702 
0.05600000000000005,-0.5686 
0.056999999999999496,-0.567 
0.05799999999999983,-0.5655 
0.05900000000000016,-0.5639 
0.05999999999999961,-0.5624 
0.06099999999999994,-0.5609 
0.06199999999999939,-0.5594 
0.06299999999999972,-0.558 
0.06400000000000006,-0.5566 
0.0649999999999995,-0.5552 
0.06599999999999984,-0.5538 
0.06700000000000017,-0.5524 
0.06799999999999962,-0.5511 
0.06899999999999995,-0.5497 
0.0699999999999994,-0.5484 
0.07099999999999973,-0.5471 
0.07200000000000006,-0.5457 
0.07299999999999951,-0.5445 
0.07399999999999984,-0.5431 
0.07500000000000018,-0.5419 
0.07599999999999962,-0.5407 
0.07699999999999996,-0.5394 
0.0779999999999994,-0.5382 
0.07899999999999974,-0.537 
0.08000000000000007,-0.5358 
0.08099999999999952,-0.5346 
0.08199999999999985,-0.5334 
0.08300000000000018,-0.5323 
0.08399999999999963,-0.5311 
0.08499999999999996,-0.53 
0.08599999999999941,-0.5288 
0.08699999999999974,-0.5277 
0.08800000000000008,-0.5266 
0.08899999999999952,-0.5255 
0.08999999999999986,-0.5244 
0.09100000000000019,-0.5233 
0.09199999999999964,-0.5223 
0.09299999999999997,-0.5212 
0.09399999999999942,-0.5201 
0.09499999999999975,-0.5191 
0.09600000000000009,-0.518 
0.09699999999999953,-0.5171 
0.09799999999999986,-0.516 
0.0990000000000002,-0.515 
0.09999999999999964,-0.514 
0.10099999999999998,-0.513 
0.10199999999999942,-0.5121 
0.10299999999999976,-0.511 
0.10400000000000009,-0.5101 
0.10499999999999954,-0.5091 
0.10599999999999987,-0.5081 
0.10699999999999932,-0.5072 
0.10799999999999965,-0.5062 
0.10899999999999999,-0.5053 
0.10999999999999943,-0.5043 
0.11099999999999977,-0.5033 
0.1120000000000001,-0.5024 
0.11299999999999955,-0.5015 
0.11399999999999988,-0.5006 
0.11499999999999932,-0.4996 
0.11599999999999966,-0.4988 
0.11699999999999999,-0.4979 
0.11799999999999944,-0.497 
0.11899999999999977,-0.4961 
0.1200000000000001,-0.4952 
0.12099999999999955,-0.4943 
0.12199999999999989,-0.4935 
0.12299999999999933,-0.4926 
0.12399999999999967,-0.4918 
0.125,-0.491 
0.12599999999999945,-0.4902 
0.12699999999999978,-0.4894 
0.1280000000000001,-0.4886 
0.12899999999999956,-0.4878 
0.1299999999999999,-0.4869 
0.13099999999999934,-0.4862 
0.13199999999999967,-0.4854 
0.133,-0.4846 
0.13399999999999945,-0.4838 
0.1349999999999998,-0.4831 
0.13600000000000012,-0.4824 
0.13699999999999957,-0.4817 
0.1379999999999999,-0.4811 
0.13899999999999935,-0.4804 
0.13999999999999968,-0.4798 
0.14100000000000001,-0.4791 
0.14199999999999946,-0.4784 
0.1429999999999998,-0.4778 
0.14400000000000013,-0.4771 
0.14499999999999957,-0.4764 
0.1459999999999999,-0.4758 
0.14699999999999935,-0.4751 
0.1479999999999997,-0.4744 
0.14900000000000002,-0.4737 
0.14999999999999947,-0.4731 
0.1509999999999998,-0.4724 
0.15200000000000014,-0.4716 
0.15299999999999958,-0.471 
0.15399999999999991,-0.4703 
0.15499999999999936,-0.4696 
0.1559999999999997,-0.4689 
0.15700000000000003,-0.4682 
0.15799999999999947,-0.4675 
0.1589999999999998,-0.4668 
0.16000000000000014,-0.466 
0.1609999999999996,-0.4653 
0.16199999999999992,-0.4646 
0.16299999999999937,-0.4638 
0.1639999999999997,-0.463 
0.16500000000000004,-0.4622 
0.16599999999999948,-0.4614 
0.16699999999999982,-0.4606 
0.16800000000000015,-0.4597 
0.1689999999999996,-0.4589 
0.16999999999999993,-0.4581 
0.17099999999999937,-0.4573 
0.1719999999999997,-0.4566 
0.17300000000000004,-0.4559 
0.1739999999999995,-0.4553 
0.17499999999999982,-0.4547 
0.17600000000000016,-0.4541 
0.1769999999999996,-0.4535 
0.17799999999999994,-0.4529 
0.17899999999999938,-0.4525 
0.17999999999999972,-0.452 
0.18100000000000005,-0.4515 
0.1819999999999995,-0.451 
0.18299999999999983,-0.4505 
0.18400000000000016,-0.4499 
0.1849999999999996,-0.4494 
0.18599999999999994,-0.4489 
0.1869999999999994,-0.4484 
0.18799999999999972,-0.448 
0.18900000000000006,-0.4476 
0.1899999999999995,-0.4472 
0.19099999999999984,-0.4469 
0.19200000000000017,-0.4465 
0.19299999999999962,-0.4461 
0.19399999999999995,-0.4457 
0.1949999999999994,-0.4452 
0.19599999999999973,-0.4448 
0.19700000000000006,-0.4443 
0.1979999999999995,-0.4439 
0.19899999999999984,-0.4434 
0.20000000000000018,-0.4429 
0.20099999999999962,-0.4424 
0.20199999999999996,-0.4419 
0.2029999999999994,-0.4415 
0.20399999999999974,-0.441 
0.20500000000000007,-0.4405 
0.20599999999999952,-0.44 
0.20699999999999985,-0.4395 
0.20800000000000018,-0.439 
0.20899999999999963,-0.4385 
0.20999999999999996,-0.4381 
0.2109999999999994,-0.4375 
0.21199999999999974,-0.437 
0.21300000000000008,-0.4366 
0.21399999999999952,-0.4361 
0.21499999999999986,-0.4356 
0.2160000000000002,-0.4351 
0.21699999999999964,-0.4346 
0.21799999999999997,-0.4341 
0.21899999999999942,-0.4337 
0.21999999999999975,-0.4332 
0.22100000000000009,-0.4327 
0.22199999999999953,-0.4322 
0.22299999999999986,-0.4317 
0.2240000000000002,-0.4312 
0.22499999999999964,-0.4308 
0.22599999999999998,-0.4303 
0.22699999999999942,-0.4299 
0.22799999999999976,-0.4293 
0.2290000000000001,-0.4289 
0.22999999999999954,-0.4284 
0.23099999999999987,-0.4279 
0.23199999999999932,-0.4275 
0.23299999999999965,-0.427 
0.23399999999999999,-0.4266 
0.23499999999999943,-0.4261 
0.23599999999999977,-0.4256 
0.2370000000000001,-0.4252 
0.23799999999999955,-0.4247 
0.23899999999999988,-0.4242 
0.23999999999999932,-0.4238 
0.24099999999999966,-0.4233 
0.242,-0.4229 
0.24299999999999944,-0.4224 
0.24399999999999977,-0.422 
0.2450000000000001,-0.4215 
0.24599999999999955,-0.4211 
0.2469999999999999,-0.4206 
0.24799999999999933,-0.4201 
0.24899999999999967,-0.4197 
0.25,-0.4193 
0.25099999999999945,-0.4189 
0.2519999999999998,-0.4184 
0.2530000000000001,-0.418 
0.25399999999999956,-0.4175 
0.2549999999999999,-0.4171 
0.25599999999999934,-0.4167 
0.2569999999999997,-0.4162 
0.258,-0.4158 
0.25899999999999945,-0.4154 
0.2599999999999998,-0.4149 
0.2610000000000001,-0.4145 
0.26199999999999957,-0.414 
0.2629999999999999,-0.4137 
0.26399999999999935,-0.4132 
0.2649999999999997,-0.4128 
0.266,-0.4123 
0.26699999999999946,-0.412 
0.2679999999999998,-0.4116 
0.26900000000000013,-0.4111 
0.2699999999999996,-0.4107 
0.2709999999999999,-0.4103 
0.27199999999999935,-0.4099 
0.2729999999999997,-0.4095 
0.274,-0.409 
0.27499999999999947,-0.4086 
0.2759999999999998,-0.4082 
0.27700000000000014,-0.4078 
0.2779999999999996,-0.4074 
0.2789999999999999,-0.407 
0.27999999999999936,-0.4066 
0.2809999999999997,-0.4062 
0.28200000000000003,-0.4058 
0.2829999999999995,-0.4053 
0.2839999999999998,-0.4049 
0.28500000000000014,-0.4046 
0.2859999999999996,-0.4041 
0.2869999999999999,-0.4038 
0.28799999999999937,-0.4033 
0.2889999999999997,-0.4029 
0.29000000000000004,-0.4026 
0.2909999999999995,-0.4022 
0.2919999999999998,-0.4018 
0.29300000000000015,-0.4014 
0.2939999999999996,-0.401 
0.29499999999999993,-0.4006 
0.2959999999999994,-0.4002 
0.2969999999999997,-0.3998 
0.29800000000000004,-0.3994 
0.2989999999999995,-0.3991 
0.2999999999999998,-0.3987 
0.30100000000000016,-0.3983 
0.3019999999999996,-0.3979 
0.30299999999999994,-0.3975 
0.3039999999999994,-0.3972 
0.3049999999999997,-0.3968 
0.30600000000000005,-0.3964 
0.3069999999999995,-0.396 
0.30799999999999983,-0.3956 
0.30900000000000016,-0.3953 
0.3099999999999996,-0.3949 
0.31099999999999994,-0.3945 
0.3119999999999994,-0.3941 
0.3129999999999997,-0.3937 
0.31400000000000006,-0.3934 
0.3149999999999995,-0.393 
0.31599999999999984,-0.3927 
0.31700000000000017,-0.3923 
0.3179999999999996,-0.3919 
0.31899999999999995,-0.3916 
0.3199999999999994,-0.3911 
0.32099999999999973,-0.3908 
0.32200000000000006,-0.3904 
0.3229999999999995,-0.3901 
0.32399999999999984,-0.3897 
0.3250000000000002,-0.3893 
0.3259999999999996,-0.389 
0.32699999999999996,-0.3886 
0.3279999999999994,-0.3882 
0.32899999999999974,-0.3879 
0.33000000000000007,-0.3875 
0.3309999999999995,-0.3871 
0.33199999999999985,-0.3868 
0.3330000000000002,-0.3864 
0.33399999999999963,-0.386 
0.33499999999999996,-0.3857 
0.3359999999999994,-0.3854 
0.33699999999999974,-0.385 
0.3380000000000001,-0.3847 
0.3389999999999995,-0.3843 
0.33999999999999986,-0.384 
0.3410000000000002,-0.3836 
0.34199999999999964,-0.3832 
0.34299999999999997,-0.3829 
0.3439999999999994,-0.3825 
0.34499999999999975,-0.3822 
0.3460000000000001,-0.3818 
0.34699999999999953,-0.3815 
0.34799999999999986,-0.3811 
0.3490000000000002,-0.3808 
0.34999999999999964,-0.3805 
0.351,-0.3801 
0.3519999999999994,-0.3798 
0.35299999999999976,-0.3794 
0.3540000000000001,-0.3791 
0.35499999999999954,-0.3787 
0.35599999999999987,-0.3784 
0.3569999999999993,-0.378 
0.35799999999999965,-0.3777 
0.359,-0.3773 
0.35999999999999943,-0.377 
0.36099999999999977,-0.3767 
0.3620000000000001,-0.3763 
0.36299999999999955,-0.376 
0.3639999999999999,-0.3756 
0.3649999999999993,-0.3753 
0.36599999999999966,-0.375 
0.367,-0.3746 
0.36799999999999944,-0.3743 
0.3689999999999998,-0.374 
0.3700000000000001,-0.3736 
0.37099999999999955,-0.3733 
0.3719999999999999,-0.373 
0.37299999999999933,-0.3726 
0.37399999999999967,-0.3723 
0.375,-0.372 
0.37599999999999945,-0.3716 
0.3769999999999998,-0.3713 
0.3780000000000001,-0.371 
0.37899999999999956,-0.3707 
0.3799999999999999,-0.3703 
0.38099999999999934,-0.37 
0.3819999999999997,-0.3697 
0.383,-0.3693 
0.38399999999999945,-0.369 
0.3849999999999998,-0.3687 
0.3860000000000001,-0.3684 
0.38699999999999957,-0.368 
0.3879999999999999,-0.3677 
0.38899999999999935,-0.3673 
0.3899999999999997,-0.367 
0.391,-0.3668 
0.39199999999999946,-0.3664 
0.3929999999999998,-0.3661 
0.39400000000000013,-0.3657 
0.3949999999999996,-0.3654 
0.3959999999999999,-0.3651 
0.39699999999999935,-0.3648 
0.3979999999999997,-0.3645 
0.399,-0.3641 
0.39999999999999947,-0.3638 
0.4009999999999998,-0.3635 
0.40200000000000014,-0.3632 
0.4029999999999996,-0.3629 
0.4039999999999999,-0.3626 
0.40499999999999936,-0.3622 
0.4059999999999997,-0.3619 
0.40700000000000003,-0.3616 
0.4079999999999995,-0.3613 
0.4089999999999998,-0.361 
0.41000000000000014,-0.3607 
0.4109999999999996,-0.3604 
0.4119999999999999,-0.3601 
0.41299999999999937,-0.3597 
0.4139999999999997,-0.3594 
0.41500000000000004,-0.3592 
0.4159999999999995,-0.3588 
0.4169999999999998,-0.3585 
0.41800000000000015,-0.3582 
0.4189999999999996,-0.3579 
0.41999999999999993,-0.3576 
0.4209999999999994,-0.3573 
0.4219999999999997,-0.357 
0.42300000000000004,-0.3566 
0.4239999999999995,-0.3564 
0.4249999999999998,-0.3561 
0.42600000000000016,-0.3557 
0.4269999999999996,-0.3555 
0.42799999999999994,-0.3551 
0.4289999999999994,-0.3548 
0.4299999999999997,-0.3545 
0.43100000000000005,-0.3542 
0.4319999999999995,-0.3539 
0.43299999999999983,-0.3536 
0.43400000000000016,-0.3533 
0.4349999999999996,-0.353 
0.43599999999999994,-0.3527 
0.4369999999999994,-0.3524 
0.4379999999999997,-0.3521 
0.43900000000000006,-0.3518 
0.4399999999999995,-0.3515 
0.44099999999999984,-0.3512 
0.44200000000000017,-0.3509 
0.4429999999999996,-0.3506 
0.44399999999999995,-0.3503 
0.4449999999999994,-0.35 
0.44599999999999973,-0.3497 
0.44700000000000006,-0.3494 
0.4479999999999995,-0.3491 
0.44899999999999984,-0.3488 
0.4500000000000002,-0.3485 
0.4509999999999996,-0.3482 
0.45199999999999996,-0.3479 
0.4529999999999994,-0.3476 
0.45399999999999974,-0.3473 
0.45500000000000007,-0.347 
0.4559999999999995,-0.3467 
0.45699999999999985,-0.3464 
0.4580000000000002,-0.3461 
0.45899999999999963,-0.3458 
0.45999999999999996,-0.3455 
0.4609999999999994,-0.3452 
0.46199999999999974,-0.3449 
0.4630000000000001,-0.3447 
0.4639999999999995,-0.3444 
0.46499999999999986,-0.3441 
0.4660000000000002,-0.3438 
0.46699999999999964,-0.3435 
0.46799999999999997,-0.3432 
0.4689999999999994,-0.3429 
0.46999999999999975,-0.3426 
0.4710000000000001,-0.3423 
0.47199999999999953,-0.342 
0.47299999999999986,-0.3418 
0.4740000000000002,-0.3414 
0.47499999999999964,-0.3412 
0.476,-0.3409 
0.4769999999999994,-0.3406 
0.47799999999999976,-0.3403 
0.4790000000000001,-0.34 
0.47999999999999954,-0.3397 
0.48099999999999987,-0.3394 
0.4819999999999993,-0.3391 
0.48299999999999965,-0.3388 
0.484,-0.3385 
0.48499999999999943,-0.3382 
0.48599999999999977,-0.338 
0.4870000000000001,-0.3377 
0.48799999999999955,-0.3374 
0.4889999999999999,-0.3371 
0.4899999999999993,-0.3368 
0.49099999999999966,-0.3366 
0.492,-0.3363 
0.49299999999999944,-0.336 
0.4939999999999998,-0.3357 
0.4950000000000001,-0.3354 
0.49599999999999955,-0.3351 
0.4969999999999999,-0.3349 
0.49799999999999933,-0.3346 
0.49899999999999967,-0.3343 
0.5,-0.334 
0.5009999999999994,-0.3337 
0.5019999999999998,-0.3335 
0.5030000000000001,-0.3332 
0.5039999999999996,-0.3329 
0.5049999999999999,-0.3326 
0.5059999999999993,-0.3323 
0.5069999999999997,-0.3321 
0.508,-0.3318 
0.5089999999999995,-0.3315 
0.5099999999999998,-0.3312 
0.5110000000000001,-0.3309 
0.5119999999999996,-0.3306 
0.5129999999999999,-0.3304 
0.5139999999999993,-0.3301 
0.5149999999999997,-0.3298 
0.516,-0.3296 
0.5169999999999995,-0.3293 
0.5179999999999998,-0.329 
0.5190000000000001,-0.3287 
0.5199999999999996,-0.3284 
0.5209999999999999,-0.3282 
0.5219999999999994,-0.3279 
0.5229999999999997,-0.3276 
0.524,-0.3273 
0.5249999999999995,-0.327 
0.5259999999999998,-0.3267 
0.5270000000000001,-0.3265 
0.5279999999999996,-0.3262 
0.5289999999999999,-0.3259 
0.5299999999999994,-0.3256 
0.5309999999999997,-0.3254 
0.532,-0.3251 
0.5329999999999995,-0.3248 
0.5339999999999998,-0.3245 
0.5350000000000001,-0.3243 
0.5359999999999996,-0.324 
0.5369999999999999,-0.3237 
0.5379999999999994,-0.3235 
0.5389999999999997,-0.3232 
0.54,-0.323 
0.5409999999999995,-0.3226 
0.5419999999999998,-0.3224 
0.5430000000000001,-0.3221 
0.5439999999999996,-0.3218 
0.5449999999999999,-0.3216 
0.5459999999999994,-0.3213 
0.5469999999999997,-0.3211 
0.548,-0.3207 
0.5489999999999995,-0.3205 
0.5499999999999998,-0.3203 
0.5510000000000002,-0.32 
0.5519999999999996,-0.3197 
0.5529999999999999,-0.3194 
0.5539999999999994,-0.3192 
0.5549999999999997,-0.3189 
0.556,-0.3186 
0.5569999999999995,-0.3184 
0.5579999999999998,-0.3181 
0.5590000000000002,-0.3178 
0.5599999999999996,-0.3176 
0.5609999999999999,-0.3173 
0.5619999999999994,-0.317 
0.5629999999999997,-0.3167 
0.5640000000000001,-0.3165 
0.5649999999999995,-0.3162 
0.5659999999999998,-0.3159 
0.5670000000000002,-0.3157 
0.5679999999999996,-0.3154 
0.569,-0.3152 
0.5699999999999994,-0.3149 
0.5709999999999997,-0.3146 
0.5720000000000001,-0.3143 
0.5729999999999995,-0.3141 
0.5739999999999998,-0.3139 
0.5750000000000002,-0.3135 
0.5759999999999996,-0.3133 
0.577,-0.313 
0.5779999999999994,-0.3128 
0.5789999999999997,-0.3125 
0.5800000000000001,-0.3122 
0.5809999999999995,-0.312 
0.5819999999999999,-0.3117 
0.5830000000000002,-0.3114 
0.5839999999999996,-0.3111 
0.585,-0.3109 
0.5859999999999994,-0.3107 
0.5869999999999997,-0.3104 
0.5880000000000001,-0.3101 
0.5889999999999995,-0.3099 
0.5899999999999999,-0.3096 
0.5910000000000002,-0.3093 
0.5919999999999996,-0.309 
0.593,-0.3088 
0.5939999999999994,-0.3085 
0.5949999999999998,-0.3083 
0.5960000000000001,-0.308 
0.5969999999999995,-0.3077 
0.5979999999999999,-0.3075 
0.5990000000000002,-0.3072 
0.5999999999999996,-0.307 
0.601,-0.3067 
0.6019999999999994,-0.3064 
0.6029999999999998,-0.3062 
0.6040000000000001,-0.3059 
0.6049999999999995,-0.3057 
0.6059999999999999,-0.3054 
0.6069999999999993,-0.3051 
0.6079999999999997,-0.3049 
0.609,-0.3046 
0.6099999999999994,-0.3044 
0.6109999999999998,-0.3041 
0.6120000000000001,-0.3038 
0.6129999999999995,-0.3036 
0.6139999999999999,-0.3033 
0.6149999999999993,-0.3031 
0.6159999999999997,-0.3028 
0.617,-0.3026 
0.6179999999999994,-0.3023 
0.6189999999999998,-0.302 
0.6200000000000001,-0.3018 
0.6209999999999996,-0.3015 
0.6219999999999999,-0.3013 
0.6229999999999993,-0.301 
0.6239999999999997,-0.3008 
0.625,-0.3005 
0.6259999999999994,-0.3002 
0.6269999999999998,-0.3 
0.6280000000000001,-0.2997 
0.6289999999999996,-0.2995 
0.6299999999999999,-0.2992 
0.6309999999999993,-0.299 
0.6319999999999997,-0.2987 
0.633,-0.2984 
0.6339999999999995,-0.2982 
0.6349999999999998,-0.2979 
0.6360000000000001,-0.2976 
0.6369999999999996,-0.2974 
0.6379999999999999,-0.2971 
0.6389999999999993,-0.2969 
0.6399999999999997,-0.2966 
0.641,-0.2964 
0.6419999999999995,-0.2961 
0.6429999999999998,-0.2959 
0.6440000000000001,-0.2956 
0.6449999999999996,-0.2954 
0.6459999999999999,-0.2952 
0.6469999999999994,-0.2949 
0.6479999999999997,-0.2946 
0.649,-0.2944 
0.6499999999999995,-0.2941 
0.6509999999999998,-0.2939 
0.6520000000000001,-0.2936 
0.6529999999999996,-0.2934 
0.6539999999999999,-0.2931 
0.6549999999999994,-0.2928 
0.6559999999999997,-0.2926 
0.657,-0.2923 
0.6579999999999995,-0.2921 
0.6589999999999998,-0.2918 
0.6600000000000001,-0.2916 
0.6609999999999996,-0.2913 
0.6619999999999999,-0.2911 
0.6629999999999994,-0.2909 
0.6639999999999997,-0.2905 
0.665,-0.2903 
0.6659999999999995,-0.2901 
0.6669999999999998,-0.2898 
0.6680000000000001,-0.2895 
0.6689999999999996,-0.2893 
0.6699999999999999,-0.2891 
0.6709999999999994,-0.2888 
0.6719999999999997,-0.2886 
0.673,-0.2883 
0.6739999999999995,-0.288 
0.6749999999999998,-0.2878 
0.6760000000000002,-0.2875 
0.6769999999999996,-0.2873 
0.6779999999999999,-0.287 
0.6789999999999994,-0.2868 
0.6799999999999997,-0.2865 
0.681,-0.2863 
0.6819999999999995,-0.2861 
0.6829999999999998,-0.2858 
0.6840000000000002,-0.2855 
0.6849999999999996,-0.2853 
0.6859999999999999,-0.285 
0.6869999999999994,-0.2848 
0.6879999999999997,-0.2845 
0.6890000000000001,-0.2843 
0.6899999999999995,-0.2841 
0.6909999999999998,-0.2838 
0.6920000000000002,-0.2835 
0.6929999999999996,-0.2833 
0.694,-0.2831 
0.6949999999999994,-0.2828 
0.6959999999999997,-0.2825 
0.6970000000000001,-0.2823 
0.6979999999999995,-0.2821 
0.6989999999999998,-0.2818 
0.7000000000000002,-0.2815 
0.7009999999999996,-0.2813 
0.702,-0.281 
0.7029999999999994,-0.2808 
0.7039999999999997,-0.2806 
0.7050000000000001,-0.2803 
0.7059999999999995,-0.2801 
0.7069999999999999,-0.2798 
0.7080000000000002,-0.2796 
0.7089999999999996,-0.2794 
0.71,-0.2791 
0.7109999999999994,-0.2789 
0.7119999999999997,-0.2786 
0.7130000000000001,-0.2783 
0.7139999999999995,-0.2781 
0.7149999999999999,-0.2779 
0.7160000000000002,-0.2776 
0.7169999999999996,-0.2774 
0.718,-0.2772 
0.7189999999999994,-0.2769 
0.7199999999999998,-0.2766 
0.7210000000000001,-0.2764 
0.7219999999999995,-0.2761 
0.7229999999999999,-0.2759 
0.7240000000000002,-0.2756 
0.7249999999999996,-0.2754 
0.726,-0.2752 
0.7269999999999994,-0.2749 
0.7279999999999998,-0.2747 
0.7290000000000001,-0.2744 
0.7299999999999995,-0.2742 
0.7309999999999999,-0.2739 
0.7319999999999993,-0.2737 
0.7329999999999997,-0.2735 
0.734,-0.2732 
0.7349999999999994,-0.273 
0.7359999999999998,-0.2727 
0.7370000000000001,-0.2725 
0.7379999999999995,-0.2722 
0.7389999999999999,-0.272 
0.7399999999999993,-0.2718 
0.7409999999999997,-0.2715 
0.742,-0.2712 
0.7429999999999994,-0.271 
0.7439999999999998,-0.2708 
0.7450000000000001,-0.2705 
0.7459999999999996,-0.2703 
0.7469999999999999,-0.2701 
0.7479999999999993,-0.2698 
0.7489999999999997,-0.2695 
0.75,-0.2693 
0.7509999999999994,-0.269 
0.7519999999999998,-0.2688 
0.7530000000000001,-0.2685 
0.7539999999999996,-0.2683 
0.7549999999999999,-0.2681 
0.7559999999999993,-0.2678 
0.7569999999999997,-0.2676 
0.758,-0.2673 
0.7589999999999995,-0.2671 
0.7599999999999998,-0.2668 
0.7610000000000001,-0.2666 
0.7619999999999996,-0.2664 
0.7629999999999999,-0.2661 
0.7639999999999993,-0.2659 
0.7649999999999997,-0.2656 
0.766,-0.2654 
0.7669999999999995,-0.2652 
0.7679999999999998,-0.2649 
0.7690000000000001,-0.2647 
0.7699999999999996,-0.2644 
0.7709999999999999,-0.2642 
0.7719999999999994,-0.2639 
0.7729999999999997,-0.2637 
0.774,-0.2634 
0.7749999999999995,-0.2632 
0.7759999999999998,-0.263 
0.7770000000000001,-0.2627 
0.7779999999999996,-0.2625 
0.7789999999999999,-0.2623 
0.7799999999999994,-0.262 
0.7809999999999997,-0.2618 
0.782,-0.2615 
0.7829999999999995,-0.2613 
0.7839999999999998,-0.261 
0.7850000000000001,-0.2608 
0.7859999999999996,-0.2605 
0.7869999999999999,-0.2603 
0.7879999999999994,-0.2601 
0.7889999999999997,-0.2598 
0.79,-0.2596 
0.7909999999999995,-0.2593 
0.7919999999999998,-0.2591 
0.7930000000000001,-0.2589 
0.7939999999999996,-0.2586 
0.7949999999999999,-0.2584 
0.7959999999999994,-0.2581 
0.7969999999999997,-0.2579 
0.798,-0.2576 
0.7989999999999995,-0.2574 
0.7999999999999998,-0.2572 
0.8010000000000002,-0.2569 
0.8019999999999996,-0.2567 
0.8029999999999999,-0.2564 
0.8039999999999994,-0.2562 
0.8049999999999997,-0.256 
0.806,-0.2557 
0.8069999999999995,-0.2555 
0.8079999999999998,-0.2553 
0.8090000000000002,-0.255 
0.8099999999999996,-0.2548 
0.8109999999999999,-0.2545 
0.8119999999999994,-0.2543 
0.8129999999999997,-0.254 
0.8140000000000001,-0.2538 
0.8149999999999995,-0.2536 
0.8159999999999998,-0.2533 
0.8170000000000002,-0.2531 
0.8179999999999996,-0.2529 
0.819,-0.2526 
0.8199999999999994,-0.2524 
0.8209999999999997,-0.2521 
0.8220000000000001,-0.2519 
0.8229999999999995,-0.2517 
0.8239999999999998,-0.2514 
0.8250000000000002,-0.2512 
0.8259999999999996,-0.251 
0.827,-0.2507 
0.8279999999999994,-0.2504 
0.8289999999999997,-0.2502 
0.8300000000000001,-0.25 
0.8309999999999995,-0.2498 
0.8319999999999999,-0.2495 
0.8330000000000002,-0.2492 
0.8339999999999996,-0.249 
0.835,-0.2488 
0.8359999999999994,-0.2485 
0.8369999999999997,-0.2483 
0.8380000000000001,-0.248 
0.8389999999999995,-0.2478 
0.8399999999999999,-0.2476 
0.8410000000000002,-0.2474 
0.8419999999999996,-0.2471 
0.843,-0.2469 
0.8439999999999994,-0.2466 
0.8449999999999998,-0.2464 
0.8460000000000001,-0.2461 
0.8469999999999995,-0.2459 
0.8479999999999999,-0.2457 
0.8490000000000002,-0.2454 
0.8499999999999996,-0.2452 
0.851,-0.245 
0.8519999999999994,-0.2447 
0.8529999999999998,-0.2445 
0.8540000000000001,-0.2442 
0.8549999999999995,-0.244 
0.8559999999999999,-0.2438 
0.8569999999999993,-0.2435 
0.8579999999999997,-0.2433 
0.859,-0.2431 
0.8599999999999994,-0.2428 
0.8609999999999998,-0.2426 
0.8620000000000001,-0.2423 
0.8629999999999995,-0.2421 
0.8639999999999999,-0.2418 
0.8649999999999993,-0.2416 
0.8659999999999997,-0.2414 
0.867,-0.2412 
0.8679999999999994,-0.2409 
0.8689999999999998,-0.2407 
0.8700000000000001,-0.2405 
0.8709999999999996,-0.2402 
0.8719999999999999,-0.24 
0.8729999999999993,-0.2398 
0.8739999999999997,-0.2395 
0.875,-0.2392 
0.8759999999999994,-0.239 
0.8769999999999998,-0.2388 
0.8780000000000001,-0.2386 
0.8789999999999996,-0.2383 
0.8799999999999999,-0.2381 
0.8809999999999993,-0.2378 
0.8819999999999997,-0.2376 
0.883,-0.2374 
0.8839999999999995,-0.2372 
0.8849999999999998,-0.2369 
0.8860000000000001,-0.2367 
0.8869999999999996,-0.2364 
0.8879999999999999,-0.2362 
0.8889999999999993,-0.236 
0.8899999999999997,-0.2357 
0.891,-0.2355 
0.8919999999999995,-0.2353 
0.8929999999999998,-0.235 
0.8940000000000001,-0.2348 
0.8949999999999996,-0.2345 
0.8959999999999999,-0.2343 
0.8969999999999994,-0.2341 
0.8979999999999997,-0.2338 
0.899,-0.2336 
0.8999999999999995,-0.2334 
0.9009999999999998,-0.2331 
0.9020000000000001,-0.2329 
0.9029999999999996,-0.2327 
0.9039999999999999,-0.2324 
0.9049999999999994,-0.2322 
0.9059999999999997,-0.232 
0.907,-0.2317 
0.9079999999999995,-0.2315 
0.9089999999999998,-0.2312 
0.9100000000000001,-0.231 
0.9109999999999996,-0.2308 
0.9119999999999999,-0.2305 
0.9129999999999994,-0.2303 
0.9139999999999997,-0.23 
0.915,-0.2298 
0.9159999999999995,-0.2296 
0.9169999999999998,-0.2293 
0.9180000000000001,-0.2291 
0.9189999999999996,-0.2288 
0.9199999999999999,-0.2287 
0.9209999999999994,-0.2284 
0.9219999999999997,-0.2281 
0.923,-0.2279 
0.9239999999999995,-0.2276 
0.9249999999999998,-0.2275 
0.9260000000000002,-0.2272 
0.9269999999999996,-0.227 
0.9279999999999999,-0.2267 
0.9289999999999994,-0.2265 
0.9299999999999997,-0.2263 
0.931,-0.226 
0.9319999999999995,-0.2258 
0.9329999999999998,-0.2256 
0.9340000000000002,-0.2253 
0.9349999999999996,-0.2251 
0.9359999999999999,-0.2248 
0.9369999999999994,-0.2246 
0.9379999999999997,-0.2244 
0.9390000000000001,-0.2241 
0.9399999999999995,-0.2239 
0.9409999999999998,-0.2237 
0.9420000000000002,-0.2235 
0.9429999999999996,-0.2232 
0.944,-0.223 
0.9449999999999994,-0.2227 
0.9459999999999997,-0.2225 
0.9470000000000001,-0.2222 
0.9479999999999995,-0.222 
0.9489999999999998,-0.2218 
0.9500000000000002,-0.2215 
0.9509999999999996,-0.2213 
0.952,-0.221 
0.9529999999999994,-0.2208 
0.9539999999999997,-0.2206 
0.9550000000000001,-0.2204 
0.9559999999999995,-0.2201 
0.9569999999999999,-0.2199 
0.9580000000000002,-0.2196 
0.9589999999999996,-0.2194 
0.96,-0.2192 
0.9609999999999994,-0.219 
0.9619999999999997,-0.2187 
0.9630000000000001,-0.2185 
0.9639999999999995,-0.2182 
0.9649999999999999,-0.218 
0.9660000000000002,-0.2178 
0.9669999999999996,-0.2175 
0.968,-0.2173 
0.9689999999999994,-0.217 
0.9699999999999998,-0.2168 
0.9710000000000001,-0.2166 
0.9719999999999995,-0.2164 
0.9729999999999999,-0.2162 
0.9740000000000002,-0.2159 
0.9749999999999996,-0.2157 
0.976,-0.2154 
0.9769999999999994,-0.2152 
0.9779999999999998,-0.215 
0.9790000000000001,-0.2147 
0.9799999999999995,-0.2145 
0.9809999999999999,-0.2142 
0.9819999999999993,-0.214 
0.9829999999999997,-0.2138 
0.984,-0.2135 
0.9849999999999994,-0.2133 
0.9859999999999998,-0.2131 
0.9870000000000001,-0.2129 
0.9879999999999995,-0.2126 
0.9889999999999999,-0.2124 
0.9899999999999993,-0.2122 
0.9909999999999997,-0.2119 
0.992,-0.2116 
0.9929999999999994,-0.2114 
0.9939999999999998,-0.2112 
0.9950000000000001,-0.2109 
0.9959999999999996,-0.2107 
0.9969999999999999,-0.2105 
0.9979999999999993,-0.2102 
0.9989999999999997,-0.21 
1.0,-0.2097 
1.0009999999999994,-0.2095 
1.0019999999999998,-0.2093 
1.0030000000000001,-0.2091 
1.0039999999999996,-0.2088 
1.005,-0.2086 
1.0059999999999993,-0.2083 
1.0069999999999997,-0.2081 
1.008,-0.2079 
1.0089999999999995,-0.2077 
1.0099999999999998,-0.2074 
1.0110000000000001,-0.2072 
1.0119999999999996,-0.2069 
1.013,-0.2067 
1.0139999999999993,-0.2065 
1.0149999999999997,-0.2063 
1.016,-0.206 
1.0169999999999995,-0.2058 
1.0179999999999998,-0.2056 
1.0190000000000001,-0.2053 
1.0199999999999996,-0.205 
1.021,-0.2049 
1.0219999999999994,-0.2046 
1.0229999999999997,-0.2044 
1.024,-0.2041 
1.0249999999999995,-0.2039 
1.0259999999999998,-0.2037 
1.0270000000000001,-0.2034 
1.0279999999999996,-0.2032 
1.029,-0.203 
1.0299999999999994,-0.2027 
1.0309999999999997,-0.2025 
1.032,-0.2023 
1.0329999999999995,-0.202 
1.0339999999999998,-0.2018 
1.0350000000000001,-0.2016 
1.0359999999999996,-0.2013 
1.037,-0.2011 
1.0379999999999994,-0.2009 
1.0389999999999997,-0.2006 
1.04,-0.2004 
1.0409999999999995,-0.2002 
1.0419999999999998,-0.1999 
1.0430000000000001,-0.1997 
1.0439999999999996,-0.1994 
1.045,-0.1993 
1.0459999999999994,-0.199 
1.0469999999999997,-0.1988 
1.048,-0.1985 
1.0489999999999995,-0.1983 
1.0499999999999998,-0.1981 
1.0510000000000002,-0.1978 
1.0519999999999996,-0.1976 
1.053,-0.1973 
1.0539999999999994,-0.1971 
1.0549999999999997,-0.1969 
1.056,-0.1967 
1.0569999999999995,-0.1964 
1.0579999999999998,-0.1962 
1.0590000000000002,-0.1959 
1.0599999999999996,-0.1958 
1.061,-0.1955 
1.0619999999999994,-0.1953 
1.0629999999999997,-0.195 
1.064,-0.1948 
1.0649999999999995,-0.1945 
1.0659999999999998,-0.1943 
1.0670000000000002,-0.1941 
1.0679999999999996,-0.1938 
1.069,-0.1936 
1.0699999999999994,-0.1934 
1.0709999999999997,-0.1931 
1.072,-0.1929 
1.0729999999999995,-0.1927 
1.0739999999999998,-0.1925 
1.0750000000000002,-0.1922 
1.0759999999999996,-0.192 
1.077,-0.1917 
1.0779999999999994,-0.1915 
1.0789999999999997,-0.1913 
1.08,-0.191 
1.0809999999999995,-0.1908 
1.0819999999999999,-0.1905 
1.0830000000000002,-0.1903 
1.0839999999999996,-0.1901 
1.085,-0.1898 
1.0859999999999994,-0.1896 
1.0869999999999997,-0.1894 
1.088,-0.1891 
1.0889999999999995,-0.1889 
1.0899999999999999,-0.1887 
1.0910000000000002,-0.1884 
1.0919999999999996,-0.1882 
1.093,-0.188 
1.0939999999999994,-0.1877 
1.0949999999999998,-0.1875 
1.096,-0.1873 
1.0969999999999995,-0.187 
1.0979999999999999,-0.1868 
1.0990000000000002,-0.1866 
1.0999999999999996,-0.1863 
1.101,-0.1861 
1.1019999999999994,-0.1858 
1.1029999999999998,-0.1857 
1.104,-0.1854 
1.1049999999999995,-0.1852 
1.1059999999999999,-0.1849 
1.1069999999999993,-0.1847 
1.1079999999999997,-0.1845 
1.109,-0.1842 
1.1099999999999994,-0.184 
1.1109999999999998,-0.1838 
1.112,-0.1835 
1.1129999999999995,-0.1833 
1.1139999999999999,-0.183 
1.1149999999999993,-0.1828 
1.1159999999999997,-0.1826 
1.117,-0.1823 
1.1179999999999994,-0.1821 
1.1189999999999998,-0.1819 
1.12,-0.1816 
1.1209999999999996,-0.1814 
1.1219999999999999,-0.1812 
1.1229999999999993,-0.1809 
1.1239999999999997,-0.1807 
1.125,-0.1804 
1.1259999999999994,-0.1802 
1.1269999999999998,-0.18 
1.1280000000000001,-0.1797 
1.1289999999999996,-0.1795 
1.13,-0.1793 
1.1309999999999993,-0.179 
1.1319999999999997,-0.1788 
1.133,-0.1786 
1.1339999999999995,-0.1784 
1.1349999999999998,-0.1781 
1.1360000000000001,-0.1779 
1.1369999999999996,-0.1776 
1.138,-0.1774 
1.1389999999999993,-0.1772 
1.1399999999999997,-0.1769 
1.141,-0.1767 
1.1419999999999995,-0.1765 
1.1429999999999998,-0.1762 
1.1440000000000001,-0.176 
1.1449999999999996,-0.1758 
1.146,-0.1756 
1.1469999999999994,-0.1753 
1.1479999999999997,-0.1751 
1.149,-0.1748 
1.1499999999999995,-0.1746 
1.1509999999999998,-0.1744 
1.1520000000000001,-0.1741 
1.1529999999999996,-0.1739 
1.154,-0.1736 
1.1549999999999994,-0.1734 
1.1559999999999997,-0.1732 
1.157,-0.173 
1.1579999999999995,-0.1727 
1.1589999999999998,-0.1725 
1.1600000000000001,-0.1722 
1.1609999999999996,-0.172 
1.162,-0.1718 
1.1629999999999994,-0.1715 
1.1639999999999997,-0.1713 
1.165,-0.171 
1.1659999999999995,-0.1708 
1.1669999999999998,-0.1706 
1.1680000000000001,-0.1704 
1.1689999999999996,-0.1701 
1.17,-0.1699 
1.1709999999999994,-0.1697 
1.1719999999999997,-0.1694 
1.173,-0.1692 
1.1739999999999995,-0.1689 
1.1749999999999998,-0.1687 
1.1760000000000002,-0.1685 
1.1769999999999996,-0.1682 
1.178,-0.168 
1.1789999999999994,-0.1677 
1.1799999999999997,-0.1676 
1.181,-0.1673 
1.1819999999999995,-0.1671 
1.1829999999999998,-0.1668 
1.1840000000000002,-0.1666 
1.1849999999999996,-0.1664 
1.186,-0.1661 
1.1869999999999994,-0.1659 
1.1879999999999997,-0.1657 
1.189,-0.1654 
1.1899999999999995,-0.1652 
1.1909999999999998,-0.165 
1.1920000000000002,-0.1647 
1.1929999999999996,-0.1645 
1.194,-0.1643 
1.1949999999999994,-0.164 
1.1959999999999997,-0.1638 
1.197,-0.1635 
1.1979999999999995,-0.1633 
1.1989999999999998,-0.1631 
1.2000000000000002,-0.1628 
1.2009999999999996,-0.1626 
1.202,-0.1624 
1.2029999999999994,-0.1621 
1.2039999999999997,-0.162 
1.205,-0.1617 
1.2059999999999995,-0.1615 
1.2069999999999999,-0.1612 
1.2080000000000002,-0.161 
1.2089999999999996,-0.1608 
1.21,-0.1605 
1.2109999999999994,-0.1603 
1.2119999999999997,-0.16 
1.213,-0.1598 
1.2139999999999995,-0.1596 
1.2149999999999999,-0.1593 
1.2160000000000002,-0.1591 
1.2169999999999996,-0.1589 
1.218,-0.1586 
1.2189999999999994,-0.1584 
1.2199999999999998,-0.1582 
1.221,-0.1579 
1.2219999999999995,-0.1577 
1.2229999999999999,-0.1575 
1.2240000000000002,-0.1572 
1.2249999999999996,-0.157 
1.226,-0.1568 
1.2269999999999994,-0.1565 
1.2279999999999998,-0.1563 
1.229,-0.1561 
1.2299999999999995,-0.1558 
1.2309999999999999,-0.1556 
1.2319999999999993,-0.1553 
1.2329999999999997,-0.1551 
1.234,-0.1549 
1.2349999999999994,-0.1547 
1.2359999999999998,-0.1544 
1.237,-0.1541 
1.2379999999999995,-0.1539 
1.2389999999999999,-0.1537 
1.2399999999999993,-0.1535 
1.2409999999999997,-0.1532 
1.242,-0.153 
1.2429999999999994,-0.1527 
1.2439999999999998,-0.1525 
1.245,-0.1522 
1.2459999999999996,-0.152 
1.2469999999999999,-0.1518 
1.2479999999999993,-0.1515 
1.2489999999999997,-0.1513 
1.25,-0.1511 
1.2509999999999994,-0.1508 
1.2519999999999998,-0.1507 
1.2530000000000001,-0.1504 
1.2539999999999996,-0.1501 
1.255,-0.1499 
1.2559999999999993,-0.1496 
1.2569999999999997,-0.1494 
1.258,-0.1492 
1.2589999999999995,-0.149 
1.2599999999999998,-0.1487 
1.2610000000000001,-0.1485 
1.2619999999999996,-0.1482 
1.263,-0.148 
1.2639999999999993,-0.1478 
1.2649999999999997,-0.1476 
1.266,-0.1473 
1.2669999999999995,-0.1471 
1.2679999999999998,-0.1468 
1.2690000000000001,-0.1466 
1.2699999999999996,-0.1464 
1.271,-0.1461 
1.2719999999999994,-0.1459 
1.2729999999999997,-0.1457 
1.274,-0.1454 
1.2749999999999995,-0.1452 
1.2759999999999998,-0.145 
1.2770000000000001,-0.1447 
1.2779999999999996,-0.1445 
1.279,-0.1443 
1.2799999999999994,-0.144 
1.2809999999999997,-0.1438 
1.282,-0.1435 
1.2829999999999995,-0.1433 
1.2839999999999998,-0.143 
1.2850000000000001,-0.1428 
1.2859999999999996,-0.1426 
1.287,-0.1423 
1.2879999999999994,-0.1421 
1.2889999999999997,-0.1419 
1.29,-0.1416 
1.2909999999999995,-0.1414 
1.2919999999999998,-0.1412 
1.2930000000000001,-0.1409 
1.2939999999999996,-0.1407 
1.295,-0.1405 
1.2959999999999994,-0.1402 
1.2969999999999997,-0.14 
1.298,-0.1397 
1.2989999999999995,-0.1395 
1.2999999999999998,-0.1393 
1.3010000000000002,-0.139 
1.3019999999999996,-0.1388 
1.303,-0.1385 
1.3039999999999994,-0.1383 
1.3049999999999997,-0.1381 
1.306,-0.1379 
1.3069999999999995,-0.1377 
1.3079999999999998,-0.1374 
1.3090000000000002,-0.1372 
1.3099999999999996,-0.1369 
1.311,-0.1367 
1.3119999999999994,-0.1365 
1.3129999999999997,-0.1362 
1.314,-0.136 
1.3149999999999995,-0.1357 
1.3159999999999998,-0.1355 
1.3170000000000002,-0.1352 
1.3179999999999996,-0.135 
1.319,-0.1348 
1.3199999999999994,-0.1346 
1.3209999999999997,-0.1343 
1.322,-0.1341 
1.3229999999999995,-0.1338 
1.3239999999999998,-0.1336 
1.3250000000000002,-0.1334 
1.3259999999999996,-0.1332 
1.327,-0.1329 
1.3279999999999994,-0.1327 
1.3289999999999997,-0.1324 
1.33,-0.1322 
1.3309999999999995,-0.132 
1.3319999999999999,-0.1317 
1.3330000000000002,-0.1315 
1.3339999999999996,-0.1312 
1.335,-0.131 
1.3359999999999994,-0.1308 
1.3369999999999997,-0.1305 
1.338,-0.1303 
1.3389999999999995,-0.13 
1.3399999999999999,-0.1298 
1.3410000000000002,-0.1296 
1.3419999999999996,-0.1293 
1.343,-0.1291 
1.3439999999999994,-0.1288 
1.3449999999999998,-0.1286 
1.346,-0.1284 
1.3469999999999995,-0.1281 
1.3479999999999999,-0.128 
1.3490000000000002,-0.1277 
1.3499999999999996,-0.1275 
1.351,-0.1272 
1.3519999999999994,-0.127 
1.3529999999999998,-0.1268 
1.354,-0.1265 
1.3549999999999995,-0.1263 
1.3559999999999999,-0.126 
1.3569999999999993,-0.1258 
1.3579999999999997,-0.1255 
1.359,-0.1253 
1.3599999999999994,-0.1251 
1.3609999999999998,-0.1248 
1.362,-0.1246 
1.3629999999999995,-0.1244 
1.3639999999999999,-0.1241 
1.3649999999999993,-0.1239 
1.3659999999999997,-0.1237 
1.367,-0.1235 
1.3679999999999994,-0.1232 
1.3689999999999998,-0.123 
1.37,-0.1227 
1.3709999999999996,-0.1225 
1.3719999999999999,-0.1223 
1.3729999999999993,-0.122 
1.3739999999999997,-0.1218 
1.375,-0.1215 
1.3759999999999994,-0.1213 
1.3769999999999998,-0.1211 
1.3780000000000001,-0.1208 
1.3789999999999996,-0.1206 
1.38,-0.1203 
1.3809999999999993,-0.1201 
1.3819999999999997,-0.1198 
1.383,-0.1196 
1.3839999999999995,-0.1194 
1.3849999999999998,-0.1191 
1.3860000000000001,-0.1189 
1.3869999999999996,-0.1187 
1.388,-0.1185 
1.3889999999999993,-0.1183 
1.3899999999999997,-0.118 
1.391,-0.1178 
1.3919999999999995,-0.1175 
1.3929999999999998,-0.1173 
1.3940000000000001,-0.117 
1.3949999999999996,-0.1168 
1.396,-0.1166 
1.3969999999999994,-0.1163 
1.3979999999999997,-0.1161 
1.399,-0.1158 
1.3999999999999995,-0.1156 
1.4009999999999998,-0.1154 
1.4020000000000001,-0.1151 
1.4029999999999996,-0.1149 
1.404,-0.1146 
1.4049999999999994,-0.1144 
1.4059999999999997,-0.1142 
1.407,-0.1139 
1.4079999999999995,-0.1137 
1.4089999999999998,-0.1134 
1.4100000000000001,-0.1132 
1.4109999999999996,-0.113 
1.412,-0.1127 
1.4129999999999994,-0.1125 
1.4139999999999997,-0.1122 
1.415,-0.112 
1.4159999999999995,-0.1118 
1.4169999999999998,-0.1115 
1.4180000000000001,-0.1113 
1.4189999999999996,-0.111 
1.42,-0.1109 
1.4209999999999994,-0.1106 
1.4219999999999997,-0.1103 
1.423,-0.1101 
1.4239999999999995,-0.1098 
1.4249999999999998,-0.1096 
1.4260000000000002,-0.1094 
1.4269999999999996,-0.1092 
1.428,-0.1089 
1.4289999999999994,-0.1087 
1.4299999999999997,-0.1084 
1.431,-0.1082 
1.4319999999999995,-0.108 
1.4329999999999998,-0.1077 
1.4340000000000002,-0.1075 
1.4349999999999996,-0.1072 
1.436,-0.107 
1.4369999999999994,-0.1068 
1.4379999999999997,-0.1065 
1.439,-0.1063 
1.4399999999999995,-0.106 
1.4409999999999998,-0.1058 
1.4420000000000002,-0.1056 
1.4429999999999996,-0.1053 
1.444,-0.1051 
1.4449999999999994,-0.1049 
1.4459999999999997,-0.1046 
1.447,-0.1044 
1.4479999999999995,-0.1041 
1.4489999999999998,-0.1039 
1.4500000000000002,-0.1037 
1.4509999999999996,-0.1034 
1.452,-0.1032 
1.4529999999999994,-0.1029 
1.4539999999999997,-0.1027 
1.455,-0.1025 
1.4559999999999995,-0.1022 
1.4569999999999999,-0.102 
1.4580000000000002,-0.1017 
1.4589999999999996,-0.1015 
1.46,-0.1012 
1.4609999999999994,-0.1011 
1.4619999999999997,-0.1008 
1.463,-0.1005 
1.4639999999999995,-0.1003 
1.4649999999999999,-0.1 
1.4660000000000002,-0.09979 
1.4669999999999996,-0.0996 
1.468,-0.09938 
1.4689999999999994,-0.09912 
1.4699999999999998,-0.09889 
1.471,-0.09865 
1.4719999999999995,-0.0984 
1.4729999999999999,-0.0982 
1.4740000000000002,-0.09791 
1.4749999999999996,-0.0977 
1.476,-0.09745 
1.4769999999999994,-0.09719 
1.4779999999999998,-0.09697 
1.479,-0.09674 
1.4799999999999995,-0.09651 
1.4809999999999999,-0.09626 
1.4819999999999993,-0.096 
1.4829999999999997,-0.09578 
1.484,-0.09552 
1.4849999999999994,-0.09532 
1.4859999999999998,-0.09506 
1.487,-0.09484 
1.4879999999999995,-0.09458 
1.4889999999999999,-0.09433 
1.4899999999999993,-0.0941 
1.4909999999999997,-0.09384 
1.492,-0.09364 
1.4929999999999994,-0.09334 
1.4939999999999998,-0.09311 
1.495,-0.09286 
1.4959999999999996,-0.09262 
1.4969999999999999,-0.09242 
1.4979999999999993,-0.09216 
1.4989999999999997,-0.09198 
1.5,-0.09169 
1.5009999999999994,-0.09144 
1.5019999999999998,-0.09125 
1.5030000000000001,-0.09096 
1.5039999999999996,-0.09074 
1.505,-0.09047 
1.5059999999999993,-0.09024 
1.5069999999999997,-0.09 
1.508,-0.08976 
1.5089999999999995,-0.08956 
1.5099999999999998,-0.0893 
1.5110000000000001,-0.08905 
1.5119999999999996,-0.08881 
1.513,-0.08859 
1.5139999999999993,-0.08832 
1.5149999999999997,-0.08811 
1.516,-0.0879 
1.5169999999999995,-0.08761 
1.5179999999999998,-0.0874 
1.5190000000000001,-0.08713 
1.5199999999999996,-0.08689 
1.521,-0.08668 
1.5219999999999994,-0.08642 
1.5229999999999997,-0.08621 
1.524,-0.08592 
1.5249999999999995,-0.08569 
1.5259999999999998,-0.08544 
1.5270000000000001,-0.08522 
1.5279999999999996,-0.08501 
1.529,-0.08472 
1.5299999999999994,-0.08451 
1.5309999999999997,-0.08429 
1.532,-0.08406 
1.5329999999999995,-0.08383 
1.5339999999999998,-0.08357 
1.5350000000000001,-0.08336 
1.5359999999999996,-0.08311 
1.537,-0.08287 
1.5379999999999994,-0.0826 
1.5389999999999997,-0.08237 
1.54,-0.08214 
1.5409999999999995,-0.0819 
1.5419999999999998,-0.08166 
1.5430000000000001,-0.0814 
1.5439999999999996,-0.08115 
1.545,-0.08098 
1.5459999999999994,-0.08069 
1.5469999999999997,-0.08048 
1.548,-0.08018 
1.5489999999999995,-0.08 
1.5499999999999998,-0.07977 
1.5510000000000002,-0.0795 
1.5519999999999996,-0.07929 
1.553,-0.07903 
1.5539999999999994,-0.07877 
1.5549999999999997,-0.07855 
1.556,-0.07831 
1.5569999999999995,-0.07809 
1.5579999999999998,-0.07781 
1.5590000000000002,-0.07759 
1.5599999999999996,-0.07735 
1.561,-0.07709 
1.5619999999999994,-0.07685 
1.5629999999999997,-0.07661 
1.564,-0.0764 
1.5649999999999995,-0.07616 
1.5659999999999998,-0.07592 
1.5670000000000002,-0.07565 
1.5679999999999996,-0.0754 
1.569,-0.07522 
1.5699999999999994,-0.07494 
1.5709999999999997,-0.07472 
1.572,-0.07449 
1.5729999999999995,-0.07419 
1.5739999999999998,-0.07398 
1.5750000000000002,-0.07375 
1.5759999999999996,-0.07352 
1.577,-0.07324 
1.5779999999999994,-0.07301 
1.5789999999999997,-0.07278 
1.58,-0.07252 
1.5809999999999995,-0.07232 
1.5819999999999999,-0.07203 
1.5830000000000002,-0.07183 
1.5839999999999996,-0.07156 
1.585,-0.07135 
1.5859999999999994,-0.0711 
1.5869999999999997,-0.07085 
1.588,-0.07062 
1.5889999999999995,-0.0704 
1.5899999999999999,-0.07012 
1.5910000000000002,-0.0699 
1.5919999999999996,-0.06968 
1.593,-0.06946 
1.5939999999999994,-0.06919 
1.5949999999999998,-0.06898 
1.596,-0.06872 
1.5969999999999995,-0.06846 
1.5979999999999999,-0.06827 
1.5990000000000002,-0.06797 
1.5999999999999996,-0.06778 
1.601,-0.06749 
1.6019999999999994,-0.06727 
1.6029999999999998,-0.06704 
1.604,-0.06677 
1.6049999999999995,-0.06656 
1.6059999999999999,-0.06632 
1.6069999999999993,-0.06609 
1.6079999999999997,-0.06582 
1.609,-0.0656 
1.6099999999999994,-0.06537 
1.6109999999999998,-0.0651 
1.612,-0.06491 
1.6129999999999995,-0.06464 
1.6139999999999999,-0.06437 
1.6149999999999993,-0.06413 
1.6159999999999997,-0.0639 
1.617,-0.06368 
1.6179999999999994,-0.06343 
1.6189999999999998,-0.0632 
1.62,-0.06294 
1.6209999999999996,-0.06269 
1.6219999999999999,-0.06252 
1.6229999999999993,-0.06223 
1.6239999999999997,-0.06203 
1.625,-0.06176 
1.6259999999999994,-0.06147 
1.6269999999999998,-0.06129 
1.6280000000000001,-0.06104 
1.6289999999999996,-0.0608 
1.63,-0.06057 
1.6309999999999993,-0.06032 
1.6319999999999997,-0.06006 
1.633,-0.05984 
1.6339999999999995,-0.0596 
1.6349999999999998,-0.05936 
1.6360000000000001,-0.05916 
1.6369999999999996,-0.05891 
1.638,-0.05865 
1.6389999999999993,-0.05841 
1.6399999999999997,-0.05818 
1.641,-0.05798 
1.6419999999999995,-0.05769 
1.6429999999999998,-0.05747 
1.6440000000000001,-0.05719 
1.6449999999999996,-0.05696 
1.646,-0.05676 
1.6469999999999994,-0.05651 
1.6479999999999997,-0.05628 
1.649,-0.05601 
1.6499999999999995,-0.05578 
1.6509999999999998,-0.05555 
1.6520000000000001,-0.05529 
1.6529999999999996,-0.05508 
1.654,-0.05481 
1.6549999999999994,-0.05458 
1.6559999999999997,-0.05432 
1.657,-0.05407 
1.6579999999999995,-0.05385 
1.6589999999999998,-0.05358 
1.6600000000000001,-0.05339 
1.6609999999999996,-0.05313 
1.662,-0.05291 
1.6629999999999994,-0.05265 
1.6639999999999997,-0.05238 
1.665,-0.0522 
1.6659999999999995,-0.05192 
1.6669999999999998,-0.05171 
1.6680000000000001,-0.05146 
1.6689999999999996,-0.05121 
1.67,-0.051 
1.6709999999999994,-0.05073 
1.6719999999999997,-0.05051 
1.673,-0.05027 
1.6739999999999995,-0.05002 
1.6749999999999998,-0.0498 
1.6760000000000002,-0.04953 
1.6769999999999996,-0.04934 
1.678,-0.04907 
1.6789999999999994,-0.04884 
1.6799999999999997,-0.04861 
1.681,-0.04835 
1.6819999999999995,-0.04814 
1.6829999999999998,-0.04788 
1.6840000000000002,-0.04765 
1.6849999999999996,-0.04738 
1.686,-0.04716 
1.6869999999999994,-0.0469 
1.6879999999999997,-0.04668 
1.689,-0.04646 
1.6899999999999995,-0.04622 
1.6909999999999998,-0.04596 
1.6920000000000002,-0.04572 
1.6929999999999996,-0.0455 
1.694,-0.04529 
1.6949999999999994,-0.04505 
1.6959999999999997,-0.04484 
1.697,-0.04457 
1.6979999999999995,-0.04432 
1.6989999999999998,-0.04409 
1.7000000000000002,-0.04382 
1.7009999999999996,-0.04361 
1.702,-0.04338 
1.7029999999999994,-0.04313 
1.7039999999999997,-0.04286 
1.705,-0.04264 
1.7059999999999995,-0.04242 
1.7069999999999999,-0.04215 
1.7080000000000002,-0.04194 
1.7089999999999996,-0.04168 
1.71,-0.04146 
1.7109999999999994,-0.0412 
1.7119999999999997,-0.04096 
1.713,-0.04078 
1.7139999999999995,-0.04051 
1.7149999999999999,-0.04027 
1.7160000000000002,-0.04002 
1.7169999999999996,-0.03979 
1.718,-0.03959 
1.7189999999999994,-0.03932 
1.7199999999999998,-0.03911 
1.721,-0.03887 
1.7219999999999995,-0.03863 
1.7229999999999999,-0.0384 
1.7240000000000002,-0.03812 
1.7249999999999996,-0.0379 
1.726,-0.03764 
1.7269999999999994,-0.03743 
1.7279999999999998,-0.03719 
1.729,-0.03696 
1.7299999999999995,-0.03673 
1.7309999999999999,-0.0365 
1.7319999999999993,-0.03626 
1.7329999999999997,-0.03599 
1.734,-0.03574 
1.7349999999999994,-0.03549 
1.7359999999999998,-0.03526 
1.737,-0.03505 
1.7379999999999995,-0.03479 
1.7389999999999999,-0.03455 
1.7399999999999993,-0.03433 
1.7409999999999997,-0.03406 
1.742,-0.03386 
1.7429999999999994,-0.03359 
1.7439999999999998,-0.03341 
1.745,-0.03311 
1.7459999999999996,-0.03287 
1.7469999999999999,-0.03266 
1.7479999999999993,-0.03242 
1.7489999999999997,-0.0322 
1.75,-0.03195 
1.7509999999999994,-0.03171 
1.7519999999999998,-0.03146 
1.7530000000000001,-0.03124 
1.7539999999999996,-0.03099 
1.755,-0.03075 
1.7559999999999993,-0.03056 
1.7569999999999997,-0.0303 
1.758,-0.03007 
1.7589999999999995,-0.0298 
1.7599999999999998,-0.02958 
1.7610000000000001,-0.02937 
1.7619999999999996,-0.02911 
1.763,-0.02886 
1.7639999999999993,-0.02861 
1.7649999999999997,-0.02835 
1.766,-0.02817 
1.7669999999999995,-0.02792 
1.7679999999999998,-0.02769 
1.7690000000000001,-0.02745 
1.7699999999999996,-0.02718 
1.771,-0.027 
1.7719999999999994,-0.02675 
1.7729999999999997,-0.02651 
1.774,-0.02624 
1.7749999999999995,-0.02602 
1.7759999999999998,-0.02578 
1.7770000000000001,-0.02554 
1.7779999999999996,-0.02532 
1.779,-0.02507 
1.7799999999999994,-0.02483 
1.7809999999999997,-0.02459 
1.782,-0.02434 
1.7829999999999995,-0.02409 
1.7839999999999998,-0.02388 
1.7850000000000001,-0.02369 
1.7859999999999996,-0.02342 
1.787,-0.02318 
1.7879999999999994,-0.02291 
1.7889999999999997,-0.0227 
1.79,-0.02247 
1.7909999999999995,-0.02222 
1.7919999999999998,-0.02201 
1.7930000000000001,-0.02177 
1.7939999999999996,-0.02151 
1.795,-0.02128 
1.7959999999999994,-0.02102 
1.7969999999999997,-0.02083 
1.798,-0.02057 
1.7989999999999995,-0.02035 
1.7999999999999998,-0.02011 
1.8010000000000002,-0.01989 
1.8019999999999996,-0.01965 
1.803,-0.0194 
1.8039999999999994,-0.01919 
1.8049999999999997,-0.01894 
1.806,-0.0187 
1.8069999999999995,-0.01845 
1.8079999999999998,-0.01823 
1.8090000000000002,-0.01804 
1.8099999999999996,-0.01774 
1.811,-0.01752 
1.8119999999999994,-0.01725 
1.8129999999999997,-0.01706 
1.814,-0.01684 
1.8149999999999995,-0.01657 
1.8159999999999998,-0.01638 
1.8170000000000002,-0.01611 
1.8179999999999996,-0.01584 
1.819,-0.01565 
1.8199999999999994,-0.01539 
1.8209999999999997,-0.01515 
1.822,-0.01492 
1.8229999999999995,-0.01467 
1.8239999999999998,-0.01443 
1.8250000000000002,-0.0142 
1.8259999999999996,-0.01398 
1.827,-0.01375 
1.8279999999999994,-0.01351 
1.8289999999999997,-0.01328 
1.83,-0.01305 
1.8309999999999995,-0.0128 
1.8319999999999999,-0.01258 
1.8330000000000002,-0.01237 
1.8339999999999996,-0.01209 
1.835,-0.01185 
1.8359999999999994,-0.0116 
1.8369999999999997,-0.01138 
1.838,-0.01119 
1.8389999999999995,-0.01094 
1.8399999999999999,-0.01074 
1.8410000000000002,-0.01046 
1.8419999999999996,-0.01023 
1.843,-0.01001 
1.8439999999999994,-0.009759 
1.8449999999999998,-0.009538 
1.846,-0.009306 
1.8469999999999995,-0.009075 
1.8479999999999999,-0.00883 
1.8490000000000002,-0.008605 
1.8499999999999996,-0.008387 
1.851,-0.008121 
1.8519999999999994,-0.007916 
1.8529999999999998,-0.007669 
1.854,-0.00743 
1.8549999999999995,-0.007195 
1.8559999999999999,-0.006965 
1.8569999999999993,-0.006778 
1.8579999999999997,-0.00652 
1.859,-0.006253 
1.8599999999999994,-0.006052 
1.8609999999999998,-0.005814 
1.862,-0.005629 
1.8629999999999995,-0.005365 
1.8639999999999999,-0.005136 
1.8649999999999993,-0.00489 
1.8659999999999997,-0.004631 
1.867,-0.004461 
1.8679999999999994,-0.004178 
1.8689999999999998,-0.003988 
1.87,-0.003698 
1.8709999999999996,-0.003509 
1.8719999999999999,-0.003271 
1.8729999999999993,-0.003005 
1.8739999999999997,-0.002804 
1.875,-0.002529 
1.8759999999999994,-0.002345 
1.8769999999999998,-0.002109 
1.8780000000000001,-0.001865 
1.8789999999999996,-0.00162 
1.88,-0.001392 
1.8809999999999993,-0.001191 
1.8819999999999997,-0.0009597 
1.883,-0.0007087 
1.8839999999999995,-0.0004328 
1.8849999999999998,-0.0002224 
1.8860000000000001,-5.028e-05 
1.8869999999999996,-0.1979 
1.888,-0.2044 
1.8889999999999993,-0.215 
1.8899999999999997,-0.224 
1.891,-0.2319 
1.8919999999999995,-0.2391 
1.8929999999999998,-0.2456 
1.8940000000000001,-0.2518 
1.8949999999999996,-0.2575 
1.896,-0.2628 
1.8969999999999994,-0.2678 
1.8979999999999997,-0.2726 
1.899,-0.2774 
1.8999999999999995,-0.2818 
1.9009999999999998,-0.286 
1.9020000000000001,-0.2901 
1.9029999999999996,-0.294 
1.904,-0.2977 
1.9049999999999994,-0.3012 
1.9059999999999997,-0.3046 
1.907,-0.3078 
1.9079999999999995,-0.311 
1.9089999999999998,-0.314 
1.9100000000000001,-0.3169 
1.9109999999999996,-0.3198 
1.912,-0.3225 
1.9129999999999994,-0.3251 
1.9139999999999997,-0.3277 
1.915,-0.3302 
1.9159999999999995,-0.3326 
1.9169999999999998,-0.3349 
1.9180000000000001,-0.3371 
1.9189999999999996,-0.3394 
1.92,-0.3415 
1.9209999999999994,-0.3437 
1.9219999999999997,-0.3457 
1.923,-0.3478 
1.9239999999999995,-0.3499 
1.9249999999999998,-0.3519 
1.9260000000000002,-0.3539 
1.9269999999999996,-0.3559 
1.928,-0.3579 
1.9289999999999994,-0.3598 
1.9299999999999997,-0.3617 
1.931,-0.3635 
1.9319999999999995,-0.3653 
1.9329999999999998,-0.3671 
1.9340000000000002,-0.3688 
1.9349999999999996,-0.3704 
1.936,-0.372 
1.9369999999999994,-0.3735 
1.9379999999999997,-0.3749 
1.939,-0.3763 
1.9399999999999995,-0.3777 
1.9409999999999998,-0.379 
1.9420000000000002,-0.3803 
1.9429999999999996,-0.3815 
1.944,-0.3828 
1.9449999999999994,-0.3841 
1.9459999999999997,-0.3854 
1.947,-0.3867 
1.9479999999999995,-0.388 
1.9489999999999998,-0.3893 
1.9500000000000002,-0.3906 
1.9509999999999996,-0.3919 
1.952,-0.3932 
1.9529999999999994,-0.3945 
1.9539999999999997,-0.3959 
1.955,-0.3974 
1.9559999999999995,-0.399 
1.9569999999999999,-0.4008 
1.9580000000000002,-0.4025 
1.9589999999999996,-0.4038 
1.96,-0.405 
1.9609999999999994,-0.4063 
1.9619999999999997,-0.4079 
1.963,-0.4092 
1.9639999999999995,-0.4105 
1.9649999999999999,-0.4116 
1.9660000000000002,-0.4125 
1.9669999999999996,-0.4131 
1.968,-0.4136 
1.9689999999999994,-0.4143 
1.9699999999999998,-0.415 
1.971,-0.4159 
1.9719999999999995,-0.4168 
1.9729999999999999,-0.4179 
1.9740000000000002,-0.419 
1.9749999999999996,-0.4202 
1.976,-0.4214 
1.9769999999999994,-0.4225 
1.9779999999999998,-0.4236 
1.979,-0.4245 
1.9799999999999995,-0.4253 
1.9809999999999999,-0.4262 
1.9819999999999993,-0.4271 
1.9829999999999997,-0.428 
1.984,-0.4288 
1.9849999999999994,-0.4296 
1.9859999999999998,-0.4305 
1.987,-0.4313 
1.9879999999999995,-0.4322 
1.9889999999999999,-0.433 
1.9899999999999993,-0.4338 
1.9909999999999997,-0.4347 
1.992,-0.4354 
1.9929999999999994,-0.4363 
1.9939999999999998,-0.4371 
1.995,-0.4379 
1.9959999999999996,-0.4387 
1.9969999999999999,-0.4396 
1.9979999999999993,-0.4405 
1.9989999999999997,-0.4412 
2.0,-0.4421 
2.0009999999999994,-0.4429 
2.002,-0.4437 
2.003,-0.4445 
2.0039999999999996,-0.4453 
2.005,-0.4462 
2.0059999999999993,-0.447 
2.0069999999999997,-0.4478 
2.008,-0.4485 
2.0089999999999995,-0.4493 
2.01,-0.4501 
2.011,-0.4509 
2.0119999999999996,-0.4516 
2.013,-0.4524 
2.0139999999999993,-0.4531 
2.0149999999999997,-0.4538 
2.016,-0.4545 
2.0169999999999995,-0.4551 
2.018,-0.4557 
2.019,-0.4564 
2.0199999999999996,-0.4572 
2.021,-0.458 
2.0219999999999994,-0.4588 
2.0229999999999997,-0.4595 
2.024,-0.4603 
2.0249999999999995,-0.461 
2.026,-0.4616 
2.027,-0.4623 
2.0279999999999996,-0.4629 
2.029,-0.4636 
2.0299999999999994,-0.4642 
2.0309999999999997,-0.4648 
2.032,-0.4654 
2.0329999999999995,-0.466 
2.034,-0.4666 
2.035,-0.4672 
2.0359999999999996,-0.4678 
2.037,-0.4683 
2.0379999999999994,-0.4688 
2.0389999999999997,-0.4694 
2.04,-0.4699 
2.0409999999999995,-0.4704 
2.042,-0.4709 
2.043,-0.4714 
2.0439999999999996,-0.472 
2.045,-0.4725 
2.0459999999999994,-0.473 
2.0469999999999997,-0.4735 
2.048,-0.474 
2.0489999999999995,-0.4746 
2.05,-0.4751 
2.051,-0.4756 
2.0519999999999996,-0.4762 
2.053,-0.4767 
2.0539999999999994,-0.4772 
2.0549999999999997,-0.4778 
2.056,-0.4783 
2.0569999999999995,-0.4788 
2.058,-0.4794 
2.059,-0.4799 
2.0599999999999996,-0.4805 
2.061,-0.481 
2.0619999999999994,-0.4815 
2.0629999999999997,-0.4821 
2.064,-0.4826 
2.0649999999999995,-0.4832 
2.066,-0.4837 
2.067,-0.4842 
2.0679999999999996,-0.4848 
2.069,-0.4853 
2.0699999999999994,-0.4859 
2.0709999999999997,-0.4864 
2.072,-0.4869 
2.0729999999999995,-0.4874 
2.074,-0.488 
2.075,-0.4885 
2.0759999999999996,-0.489 
2.077,-0.4896 
2.0779999999999994,-0.4901 
2.0789999999999997,-0.4906 
2.08,-0.4911 
2.0809999999999995,-0.4916 
2.082,-0.4922 
2.083,-0.4926 
2.0839999999999996,-0.4932 
2.085,-0.4936 
2.0859999999999994,-0.4942 
2.0869999999999997,-0.4947 
2.088,-0.4952 
2.0889999999999995,-0.4957 
2.09,-0.4962 
2.091,-0.4967 
2.0919999999999996,-0.4972 
2.093,-0.4977 
2.0939999999999994,-0.4982 
2.0949999999999998,-0.4987 
2.096,-0.4992 
2.0969999999999995,-0.4997 
2.098,-0.5002 
2.099,-0.5006 
2.0999999999999996,-0.5011 
2.101,-0.5017 
2.1019999999999994,-0.5021 
2.1029999999999998,-0.5026 
2.104,-0.503 
2.1049999999999995,-0.5035 
2.106,-0.5041 
2.1069999999999993,-0.5045 
2.1079999999999997,-0.505 
2.109,-0.5054 
2.1099999999999994,-0.5059 
2.1109999999999998,-0.5064 
2.112,-0.5069 
2.1129999999999995,-0.5074 
2.114,-0.5078 
2.1149999999999993,-0.5083 
2.1159999999999997,-0.5088 
2.117,-0.5092 
2.1179999999999994,-0.5097 
2.1189999999999998,-0.5101 
2.12,-0.5106 
2.1209999999999996,-0.511 
2.122,-0.5115 
2.1229999999999993,-0.512 
2.1239999999999997,-0.5124 
2.125,-0.5129 
2.1259999999999994,-0.5133 
2.127,-0.5138 
2.128,-0.5142 
2.1289999999999996,-0.5147 
2.13,-0.5151 
2.1309999999999993,-0.5156 
2.1319999999999997,-0.516 
2.133,-0.5164 
2.1339999999999995,-0.5169 
2.135,-0.5173 
2.136,-0.5178 
2.1369999999999996,-0.5183 
2.138,-0.5186 
2.1389999999999993,-0.5191 
2.1399999999999997,-0.5195 
2.141,-0.52 
2.1419999999999995,-0.5204 
2.143,-0.5208 
2.144,-0.5212 
2.1449999999999996,-0.5217 
2.146,-0.5221 
2.1469999999999994,-0.5226 
2.1479999999999997,-0.523 
2.149,-0.5234 
2.1499999999999995,-0.5238 
2.151,-0.5243 
2.152,-0.5247 
2.1529999999999996,-0.5251 
2.154,-0.5256 
2.1549999999999994,-0.526 
2.1559999999999997,-0.5264 
2.157,-0.5268 
2.1579999999999995,-0.5272 
2.159,-0.5277 
2.16,-0.5281 
2.1609999999999996,-0.5285 
2.162,-0.5289 
2.1629999999999994,-0.5293 
2.1639999999999997,-0.5297 
2.165,-0.5301 
2.1659999999999995,-0.5306 
2.167,-0.5309 
2.168,-0.5314 
2.1689999999999996,-0.5318 
2.17,-0.5322 
2.1709999999999994,-0.5326 
2.1719999999999997,-0.533 
2.173,-0.5334 
2.1739999999999995,-0.5338 
2.175,-0.5342 
2.176,-0.5346 
2.1769999999999996,-0.535 
2.178,-0.5355 
2.1789999999999994,-0.5358 
2.1799999999999997,-0.5362 
2.181,-0.5366 
2.1819999999999995,-0.537 
2.183,-0.5374 
2.184,-0.5378 
2.1849999999999996,-0.5382 
2.186,-0.5386 
2.1869999999999994,-0.539 
2.1879999999999997,-0.5394 
2.189,-0.5398 
2.1899999999999995,-0.5402 
2.191,-0.5406 
2.192,-0.541 
2.1929999999999996,-0.5413 
2.194,-0.5417 
2.1949999999999994,-0.5421 
2.1959999999999997,-0.5425 
2.197,-0.5429 
2.1979999999999995,-0.5433 
2.199,-0.5437 
2.2,-0.5441 
2.2009999999999996,-0.5445 
2.202,-0.5449 
2.2029999999999994,-0.5452 
2.2039999999999997,-0.5456 
2.205,-0.546 
2.2059999999999995,-0.5464 
2.207,-0.5468 
2.208,-0.5471 
2.2089999999999996,-0.5475 
2.21,-0.5479 
2.2109999999999994,-0.5483 
2.2119999999999997,-0.5487 
2.213,-0.549 
2.2139999999999995,-0.5494 
2.215,-0.5498 
2.216,-0.5501 
2.2169999999999996,-0.5505 
2.218,-0.5509 
2.2189999999999994,-0.5513 
2.2199999999999998,-0.5517 
2.221,-0.552 
2.2219999999999995,-0.5524 
2.223,-0.5528 
2.224,-0.5531 
2.2249999999999996,-0.5535 
2.226,-0.5539 
2.2269999999999994,-0.5543 
2.2279999999999998,-0.5546 
2.229,-0.5549 
2.2299999999999995,-0.5553 
2.231,-0.5557 
2.2319999999999993,-0.5561 
2.2329999999999997,-0.5564 
2.234,-0.5568 
2.2349999999999994,-0.5571 
2.2359999999999998,-0.5575 
2.237,-0.5579 
2.2379999999999995,-0.5583 
2.239,-0.5586 
2.2399999999999993,-0.559 
2.2409999999999997,-0.5593 
2.242,-0.5597 
2.2429999999999994,-0.56 
2.2439999999999998,-0.5604 
2.245,-0.5608 
2.2459999999999996,-0.5611 
2.247,-0.5615 
2.2479999999999993,-0.5619 
2.2489999999999997,-0.5622 
2.25,-0.5626 
2.2509999999999994,-0.5629 
2.252,-0.5633 
2.253,-0.5636 
2.2539999999999996,-0.564 
2.255,-0.5644 
2.2559999999999993,-0.5647 
2.2569999999999997,-0.565 
2.258,-0.5654 
2.2589999999999995,-0.5658 
2.26,-0.5661 
2.261,-0.5665 
2.2619999999999996,-0.5668 
2.263,-0.5672 
2.2639999999999993,-0.5675 
2.2649999999999997,-0.5679 
2.266,-0.5682 
2.2669999999999995,-0.5686 
2.268,-0.5689 
2.269,-0.5692 
2.2699999999999996,-0.5696 
2.271,-0.57 
2.2719999999999994,-0.5703 
2.2729999999999997,-0.5706 
2.274,-0.571 
2.2749999999999995,-0.5713 
2.276,-0.5717 
2.277,-0.572 
2.2779999999999996,-0.5724 
2.279,-0.5727 
2.2799999999999994,-0.5731 
2.2809999999999997,-0.5734 
2.282,-0.5738 
2.2829999999999995,-0.5741 
2.284,-0.5745 
2.285,-0.5748 
2.2859999999999996,-0.5752 
2.287,-0.5754 
2.2879999999999994,-0.5758 
2.2889999999999997,-0.5762 
2.29,-0.5765 
2.2909999999999995,-0.5769 
2.292,-0.5771 
2.293,-0.5775 
2.2939999999999996,-0.5778 
2.295,-0.5782 
2.2959999999999994,-0.5785 
2.2969999999999997,-0.5789 
2.298,-0.5792 
2.2989999999999995,-0.5795 
2.3,-0.5799 
2.301,-0.5802 
2.3019999999999996,-0.5805 
2.303,-0.5809 
2.3039999999999994,-0.5812 
2.3049999999999997,-0.5815 
2.306,-0.5819 
2.3069999999999995,-0.5822 
2.308,-0.5826 
2.309,-0.5829 
2.3099999999999996,-0.5833 
2.311,-0.5835 
2.3119999999999994,-0.5839 
2.3129999999999997,-0.5842 
2.314,-0.5845 
2.3149999999999995,-0.5849 
2.316,-0.5852 
2.317,-0.5855 
2.3179999999999996,-0.5858 
2.319,-0.5862 
2.3199999999999994,-0.5866 
2.3209999999999997,-0.5869 
2.322,-0.5872 
2.3229999999999995,-0.5875 
2.324,-0.5879 
2.325,-0.5881 
2.3259999999999996,-0.5885 
2.327,-0.5888 
2.3279999999999994,-0.5892 
2.3289999999999997,-0.5895 
2.33,-0.5898 
2.3309999999999995,-0.5901 
2.332,-0.5905 
2.333,-0.5908 
2.3339999999999996,-0.5911 
2.335,-0.5914 
2.3359999999999994,-0.5917 
2.3369999999999997,-0.5921 
2.338,-0.5924 
2.3389999999999995,-0.5927 
2.34,-0.593 
2.341,-0.5934 
2.3419999999999996,-0.5937 
2.343,-0.594 
2.3439999999999994,-0.5943 
2.3449999999999998,-0.5946 
2.346,-0.5949 
2.3469999999999995,-0.5953 
2.348,-0.5956 
2.349,-0.5959 
2.3499999999999996,-0.5962 
2.351,-0.5966 
2.3519999999999994,-0.5969 
2.3529999999999998,-0.5972 
2.354,-0.5975 
2.3549999999999995,-0.5978 
2.356,-0.5982 
2.3569999999999993,-0.5985 
2.3579999999999997,-0.5988 
2.359,-0.5991 
2.3599999999999994,-0.5994 
2.3609999999999998,-0.5998 
2.362,-0.6001 
2.3629999999999995,-0.6004 
2.364,-0.6007 
2.3649999999999993,-0.601 
2.3659999999999997,-0.6014 
2.367,-0.6016 
2.3679999999999994,-0.602 
2.3689999999999998,-0.6023 
2.37,-0.6026 
2.3709999999999996,-0.6029 
2.372,-0.6032 
2.3729999999999993,-0.6036 
2.3739999999999997,-0.6039 
2.375,-0.6042 
2.3759999999999994,-0.6045 
2.377,-0.6048 
2.378,-0.6051 
2.3789999999999996,-0.6054 
2.38,-0.6058 
2.3809999999999993,-0.6061 
2.3819999999999997,-0.6064 
2.383,-0.6067 
2.3839999999999995,-0.607 
2.385,-0.6074 
2.386,-0.6077 
2.3869999999999996,-0.608 
2.388,-0.6082 
2.3889999999999993,-0.6086 
2.3899999999999997,-0.6089 
2.391,-0.6092 
2.3919999999999995,-0.6095 
2.393,-0.6098 
2.394,-0.6101 
2.3949999999999996,-0.6104 
2.396,-0.6108 
2.3969999999999994,-0.6111 
2.3979999999999997,-0.6113 
2.399,-0.6117 
2.3999999999999995,-0.612 
2.401,-0.6123 
2.402,-0.6126 
2.4029999999999996,-0.6129 
2.404,-0.6132 
2.4049999999999994,-0.6135 
2.4059999999999997,-0.6138 
2.407,-0.6142 
2.4079999999999995,-0.6144 
2.409,-0.6148 
2.41,-0.6151 
2.4109999999999996,-0.6154 
2.412,-0.6157 
2.4129999999999994,-0.616 
2.4139999999999997,-0.6163 
2.415,-0.6166 
2.4159999999999995,-0.6169 
2.417,-0.6172 
2.418,-0.6175 
2.4189999999999996,-0.6179 
2.42,-0.6181 
2.4209999999999994,-0.6185 
2.4219999999999997,-0.6187 
2.423,-0.6191 
2.4239999999999995,-0.6194 
2.425,-0.6197 
2.426,-0.62 
2.4269999999999996,-0.6203 
2.428,-0.6206 
2.4289999999999994,-0.6209 
2.4299999999999997,-0.6212 
2.431,-0.6215 
2.4319999999999995,-0.6218 
2.433,-0.6221 
2.434,-0.6224 
2.4349999999999996,-0.6227 
2.436,-0.623 
2.4369999999999994,-0.6233 
2.4379999999999997,-0.6237 
2.439,-0.6239 
2.4399999999999995,-0.6243 
2.441,-0.6245 
2.442,-0.6248 
2.4429999999999996,-0.6251 
2.444,-0.6254 
2.4449999999999994,-0.6258 
2.4459999999999997,-0.626 
2.447,-0.6263 
2.4479999999999995,-0.6266 
2.449,-0.6269 
2.45,-0.6272 
2.4509999999999996,-0.6275 
2.452,-0.6279 
2.4529999999999994,-0.6281 
2.4539999999999997,-0.6284 
2.455,-0.6287 
2.4559999999999995,-0.629 
2.457,-0.6294 
2.458,-0.6296 
2.4589999999999996,-0.6299 
2.46,-0.6302 
2.4609999999999994,-0.6305 
2.4619999999999997,-0.6308 
2.463,-0.6311 
2.4639999999999995,-0.6315 
2.465,-0.6317 
2.466,-0.632 
2.4669999999999996,-0.6323 
2.468,-0.6326 
2.4689999999999994,-0.6329 
2.4699999999999998,-0.6332 
2.471,-0.6335 
2.4719999999999995,-0.6338 
2.473,-0.6341 
2.474,-0.6344 
2.4749999999999996,-0.6347 
2.476,-0.635 
2.4769999999999994,-0.6353 
2.4779999999999998,-0.6355 
2.479,-0.6358 
2.4799999999999995,-0.6362 
2.481,-0.6365 
2.4819999999999993,-0.6367 
2.4829999999999997,-0.637 
2.484,-0.6373 
2.4849999999999994,-0.6376 
2.4859999999999998,-0.6379 
2.487,-0.6382 
2.4879999999999995,-0.6385 
2.489,-0.6388 
2.4899999999999993,-0.6391 
2.4909999999999997,-0.6394 
2.492,-0.6397 
2.4929999999999994,-0.64 
2.4939999999999998,-0.6403 
2.495,-0.6406 
2.4959999999999996,-0.6409 
2.497,-0.6412 
2.4979999999999993,-0.6415 
2.4989999999999997,-0.6418 
2.5,-0.642 
2.5009999999999994,-0.6424 
2.502,-0.6426 
2.503,-0.643 
2.5039999999999996,-0.6432 
2.505,-0.6436 
2.5059999999999993,-0.6438 
2.5069999999999997,-0.6441 
2.508,-0.6444 
2.5089999999999995,-0.6447 
2.51,-0.645 
2.511,-0.6453 
2.5119999999999996,-0.6456 
2.513,-0.6459 
2.5139999999999993,-0.6462 
2.5149999999999997,-0.6465 
2.516,-0.6468 
2.5169999999999995,-0.6471 
2.518,-0.6473 
2.519,-0.6476 
2.5199999999999996,-0.648 
2.521,-0.6482 
2.5219999999999994,-0.6485 
2.5229999999999997,-0.6488 
2.524,-0.6491 
2.5249999999999995,-0.6494 
2.526,-0.6497 
2.527,-0.65 
2.5279999999999996,-0.6502 
2.529,-0.6505 
2.5299999999999994,-0.6508 
2.5309999999999997,-0.6511 
2.532,-0.6514 
2.5329999999999995,-0.6517 
2.534,-0.652 
2.535,-0.6523 
2.5359999999999996,-0.6526 
2.537,-0.6528 
2.5379999999999994,-0.6531 
2.5389999999999997,-0.6535 
2.54,-0.6537 
2.5409999999999995,-0.654 
2.542,-0.6543 
2.543,-0.6546 
2.5439999999999996,-0.6549 
2.545,-0.6552 
2.5459999999999994,-0.6555 
2.5469999999999997,-0.6558 
2.548,-0.656 
2.5489999999999995,-0.6563 
2.55,-0.6566 
2.551,-0.6569 
2.5519999999999996,-0.6572 
2.553,-0.6575 
2.5539999999999994,-0.6577 
2.5549999999999997,-0.658 
2.556,-0.6583 
2.5569999999999995,-0.6586 
2.558,-0.6589 
2.559,-0.6592 
2.5599999999999996,-0.6595 
2.561,-0.6598 
2.5619999999999994,-0.6601 
2.5629999999999997,-0.6604 
2.564,-0.6606 
2.5649999999999995,-0.661 
2.566,-0.6612 
2.567,-0.6615 
2.5679999999999996,-0.6618 
2.569,-0.6621 
2.5699999999999994,-0.6624 
2.5709999999999997,-0.6627 
2.572,-0.6629 
2.5729999999999995,-0.6632 
2.574,-0.6635 
2.575,-0.6638 
2.5759999999999996,-0.6641 
2.577,-0.6644 
2.5779999999999994,-0.6647 
2.5789999999999997,-0.665 
2.58,-0.6653 
2.5809999999999995,-0.6655 
2.582,-0.6659 
2.583,-0.6661 
2.5839999999999996,-0.6664 
2.585,-0.6667 
2.5859999999999994,-0.667 
2.5869999999999997,-0.6673 
2.588,-0.6675 
2.5889999999999995,-0.6678 
2.59,-0.6681 
2.591,-0.6684 
2.5919999999999996,-0.6687 
2.593,-0.669 
2.5939999999999994,-0.6693 
2.5949999999999998,-0.6695 
2.596,-0.6698 
2.5969999999999995,-0.6701 
2.598,-0.6704 
2.599,-0.6707 
2.5999999999999996,-0.6709 
2.601,-0.6712 
2.6019999999999994,-0.6715 
2.6029999999999998,-0.6718 
2.604,-0.6721 
2.6049999999999995,-0.6723 
2.606,-0.6726 
2.6069999999999993,-0.6729 
2.6079999999999997,-0.6732 
2.609,-0.6735 
2.6099999999999994,-0.6738 
2.6109999999999998,-0.6741 
2.612,-0.6743 
2.6129999999999995,-0.6746 
2.614,-0.6749 
2.6149999999999993,-0.6752 
2.6159999999999997,-0.6755 
2.617,-0.6758 
2.6179999999999994,-0.6761 
2.6189999999999998,-0.6763 
2.62,-0.6766 
2.6209999999999996,-0.6769 
2.622,-0.6772 
2.6229999999999993,-0.6775 
2.6239999999999997,-0.6777 
2.625,-0.678 
2.6259999999999994,-0.6783 
2.627,-0.6786 
2.628,-0.6789 
2.6289999999999996,-0.6791 
2.63,-0.6794 
2.6309999999999993,-0.6797 
2.6319999999999997,-0.68 
2.633,-0.6803 
2.6339999999999995,-0.6806 
2.635,-0.6808 
2.636,-0.6811 
2.6369999999999996,-0.6814 
2.638,-0.6817 
2.6389999999999993,-0.682 
2.6399999999999997,-0.6823 
2.641,-0.6825 
2.6419999999999995,-0.6828 
2.643,-0.6831 
2.644,-0.6834 
2.6449999999999996,-0.6837 
2.646,-0.684 
2.6469999999999994,-0.6843 
2.6479999999999997,-0.6845 
2.649,-0.6848 
2.6499999999999995,-0.6851 
2.651,-0.6854 
2.652,-0.6857 
2.6529999999999996,-0.6859 
2.654,-0.6862 
2.6549999999999994,-0.6865 
2.6559999999999997,-0.6868 
2.657,-0.6871 
2.6579999999999995,-0.6873 
2.659,-0.6876 
2.66,-0.6879 
2.6609999999999996,-0.6882 
2.662,-0.6884 
2.6629999999999994,-0.6887 
2.6639999999999997,-0.689 
2.665,-0.6893 
2.6659999999999995,-0.6896 
2.667,-0.6898 
2.668,-0.6901 
2.6689999999999996,-0.6905 
2.67,-0.6907 
2.6709999999999994,-0.691 
2.6719999999999997,-0.6913 
2.673,-0.6915 
2.6739999999999995,-0.6919 
2.675,-0.6921 
2.676,-0.6924 
2.6769999999999996,-0.6927 
2.678,-0.693 
2.6789999999999994,-0.6933 
2.6799999999999997,-0.6935 
2.681,-0.6938 
2.6819999999999995,-0.6941 
2.683,-0.6943 
2.684,-0.6946 
2.6849999999999996,-0.6949 
2.686,-0.6952 
2.6869999999999994,-0.6955 
2.6879999999999997,-0.6958 
2.689,-0.696 
2.6899999999999995,-0.6963 
2.691,-0.6966 
2.692,-0.6969 
2.6929999999999996,-0.6972 
2.694,-0.6974 
2.6949999999999994,-0.6977 
2.6959999999999997,-0.698 
2.697,-0.6983 
2.6979999999999995,-0.6986 
2.699,-0.6988 
2.7,-0.6991 
2.7009999999999996,-0.6994 
2.702,-0.6997 
2.7029999999999994,-0.6999 
2.7039999999999997,-0.7002 
2.705,-0.7005 
2.7059999999999995,-0.7008 
2.707,-0.7011 
2.708,-0.7014 
2.7089999999999996,-0.7016 
2.71,-0.7019 
2.7109999999999994,-0.7022 
2.7119999999999997,-0.7025 
2.713,-0.7027 
2.7139999999999995,-0.703 
2.715,-0.7033 
2.716,-0.7036 
2.7169999999999996,-0.7039 
2.718,-0.7042 
2.7189999999999994,-0.7044 
2.7199999999999998,-0.7047 
2.721,-0.705 
2.7219999999999995,-0.7053 
2.723,-0.7055 
2.724,-0.7059 
2.7249999999999996,-0.7061 
2.726,-0.7063 
2.7269999999999994,-0.7067 
2.7279999999999998,-0.7069 
2.729,-0.7072 
2.7299999999999995,-0.7075 
2.731,-0.7077 
2.7319999999999993,-0.708 
2.7329999999999997,-0.7083 
2.734,-0.7086 
2.7349999999999994,-0.7089 
2.7359999999999998,-0.7091 
2.737,-0.7094 
2.7379999999999995,-0.7097 
2.739,-0.71 
2.7399999999999993,-0.7103 
2.7409999999999997,-0.7106 
2.742,-0.7108 
2.7429999999999994,-0.7111 
2.7439999999999998,-0.7113 
2.745,-0.7116 
2.7459999999999996,-0.7119 
2.747,-0.7122 
2.7479999999999993,-0.7125 
2.7489999999999997,-0.7127 
2.75,-0.713 
2.7509999999999994,-0.7133 
2.752,-0.7136 
2.753,-0.7139 
2.7539999999999996,-0.7141 
2.755,-0.7144 
2.7559999999999993,-0.7147 
2.7569999999999997,-0.7149 
2.758,-0.7153 
2.7589999999999995,-0.7155 
2.76,-0.7158 
2.761,-0.7161 
2.7619999999999996,-0.7163 
2.763,-0.7166 
2.7639999999999993,-0.7169 
2.7649999999999997,-0.7172 
2.766,-0.7174 
2.7669999999999995,-0.7177 
2.768,-0.718 
2.769,-0.7183 
2.7699999999999996,-0.7186 
2.771,-0.7188 
2.7719999999999994,-0.7191 
2.7729999999999997,-0.7194 
2.774,-0.7196 
2.7749999999999995,-0.72 
2.776,-0.7202 
2.777,-0.7205 
2.7779999999999996,-0.7208 
2.779,-0.7211 
2.7799999999999994,-0.7214 
2.7809999999999997,-0.7216 
2.782,-0.7219 
2.7829999999999995,-0.7222 
2.784,-0.7224 
2.785,-0.7227 
2.7859999999999996,-0.723 
2.787,-0.7233 
2.7879999999999994,-0.7236 
2.7889999999999997,-0.7238 
2.79,-0.7241 
2.7909999999999995,-0.7244 
2.792,-0.7247 
2.793,-0.725 
2.7939999999999996,-0.7253 
2.795,-0.7255 
2.7959999999999994,-0.7258 
2.7969999999999997,-0.726 
2.798,-0.7263 
2.7989999999999995,-0.7266 
2.8,-0.7269 
2.801,-0.7272 
2.8019999999999996,-0.7274 
2.803,-0.7277 
2.8039999999999994,-0.728 
2.8049999999999997,-0.7283 
2.806,-0.7286 
2.8069999999999995,-0.7288 
2.808,-0.7291 
2.809,-0.7294 
2.8099999999999996,-0.7296 
2.811,-0.7299 
2.8119999999999994,-0.7302 
2.8129999999999997,-0.7305 
2.814,-0.7307 
2.8149999999999995,-0.731 
2.816,-0.7313 
2.817,-0.7316 
2.8179999999999996,-0.7319 
2.819,-0.7322 
2.8199999999999994,-0.7324 
2.8209999999999997,-0.7327 
2.822,-0.733 
2.8229999999999995,-0.7333 
2.824,-0.7335 
2.825,-0.7338 
2.8259999999999996,-0.7341 
2.827,-0.7344 
2.8279999999999994,-0.7347 
2.8289999999999997,-0.7349 
2.83,-0.7352 
2.8309999999999995,-0.7354 
2.832,-0.7357 
2.833,-0.736 
2.8339999999999996,-0.7363 
2.835,-0.7366 
2.8359999999999994,-0.7368 
2.8369999999999997,-0.7371 
2.838,-0.7374 
2.8389999999999995,-0.7376 
2.84,-0.738 
2.841,-0.7382 
2.8419999999999996,-0.7385 
2.843,-0.7388 
2.8439999999999994,-0.739 
2.8449999999999998,-0.7393 
2.846,-0.7396 
2.8469999999999995,-0.7399 
2.848,-0.7402 
2.849,-0.7404 
2.8499999999999996,-0.7407 
2.851,-0.741 
2.8519999999999994,-0.7413 
2.8529999999999998,-0.7415 
2.854,-0.7418 
2.8549999999999995,-0.7421 
2.856,-0.7424 
2.8569999999999993,-0.7427 
2.8579999999999997,-0.7429 
2.859,-0.7433 
2.8599999999999994,-0.7435 
2.8609999999999998,-0.7437 
2.862,-0.744 
2.8629999999999995,-0.7443 
2.864,-0.7446 
2.8649999999999993,-0.7449 
2.8659999999999997,-0.7451 
2.867,-0.7454 
2.8679999999999994,-0.7457 
2.8689999999999998,-0.746 
2.87,-0.7462 
2.8709999999999996,-0.7466 
2.872,-0.7468 
2.8729999999999993,-0.747 
2.8739999999999997,-0.7473 
2.875,-0.7476 
2.8759999999999994,-0.7479 
2.877,-0.7482 
2.878,-0.7485 
2.8789999999999996,-0.7487 
2.88,-0.749 
2.8809999999999993,-0.7493 
2.8819999999999997,-0.7496 
2.883,-0.7498 
2.8839999999999995,-0.7501 
2.885,-0.7504 
2.886,-0.7507 
2.8869999999999996,-0.7509 
2.888,-0.7512 
2.8889999999999993,-0.7514 
2.8899999999999997,-0.7517 
2.891,-0.752 
2.8919999999999995,-0.7523 
2.893,-0.7526 
2.894,-0.7528 
2.8949999999999996,-0.7531 
2.896,-0.7534 
2.8969999999999994,-0.7537 
2.8979999999999997,-0.754 
2.899,-0.7542 
2.8999999999999995,-0.7545 
2.901,-0.7547 
2.902,-0.755 
2.9029999999999996,-0.7553 
2.904,-0.7556 
2.9049999999999994,-0.7559 
2.9059999999999997,-0.7562 
2.907,-0.7564 
2.9079999999999995,-0.7567 
2.909,-0.757 
2.91,-0.7573 
2.9109999999999996,-0.7575 
2.912,-0.7578 
2.9129999999999994,-0.7581 
2.9139999999999997,-0.7583 
2.915,-0.7586 
2.9159999999999995,-0.7589 
2.917,-0.7592 
2.918,-0.7595 
2.9189999999999996,-0.7597 
2.92,-0.76 
2.9209999999999994,-0.7603 
2.9219999999999997,-0.7606 
2.923,-0.7608 
2.9239999999999995,-0.7611 
2.925,-0.7614 
2.926,-0.7617 
2.9269999999999996,-0.762 
2.928,-0.7622 
2.9289999999999994,-0.7625 
2.9299999999999997,-0.7628 
2.931,-0.7631 
2.9319999999999995,-0.7633 
2.933,-0.7636 
2.934,-0.7639 
2.9349999999999996,-0.7642 
2.936,-0.7644 
2.9369999999999994,-0.7647 
2.9379999999999997,-0.765 
2.939,-0.7653 
2.9399999999999995,-0.7655 
2.941,-0.7658 
2.942,-0.7661 
2.9429999999999996,-0.7663 
2.944,-0.7667 
2.9449999999999994,-0.7669 
2.9459999999999997,-0.7672 
2.947,-0.7675 
2.9479999999999995,-0.7677 
2.949,-0.768 
2.95,-0.7683 
2.9509999999999996,-0.7686 
2.952,-0.7688 
2.9529999999999994,-0.7691 
2.9539999999999997,-0.7694 
2.955,-0.7697 
2.9559999999999995,-0.7699 
2.957,-0.7702 
2.958,-0.7705 
2.9589999999999996,-0.7708 
2.96,-0.7711 
2.9609999999999994,-0.7713 
2.9619999999999997,-0.7716 
2.963,-0.7719 
2.9639999999999995,-0.7722 
2.965,-0.7725 
2.966,-0.7727 
2.9669999999999996,-0.773 
2.968,-0.7733 
2.9689999999999994,-0.7735 
2.9699999999999998,-0.7738 
2.971,-0.7741 
2.9719999999999995,-0.7744 
2.973,-0.7747 
2.974,-0.7749 
2.9749999999999996,-0.7752 
2.976,-0.7755 
2.9769999999999994,-0.7757 
2.9779999999999998,-0.776 
2.979,-0.7763 
2.9799999999999995,-0.7766 
2.981,-0.7768 
2.9819999999999993,-0.7771 
2.9829999999999997,-0.7774 
2.984,-0.7777 
2.9849999999999994,-0.778 
2.9859999999999998,-0.7782 
2.987,-0.7786 
2.9879999999999995,-0.7788 
2.989,-0.7791 
2.9899999999999993,-0.7794 
2.9909999999999997,-0.7796 
2.992,-0.7799 
2.9929999999999994,-0.7802 
2.9939999999999998,-0.7805 
2.995,-0.7807 
2.9959999999999996,-0.781 
2.997,-0.7813 
2.9979999999999993,-0.7816 
2.9989999999999997,-0.7819 
3.0,-0.7822 
3.0009999999999994,-0.7824 
3.002,-0.7827 
3.003,-0.783 
3.0039999999999996,-0.7833 
3.005,-0.7835 
3.0059999999999993,-0.7838 
3.0069999999999997,-0.7841 
3.008,-0.7843 
3.0089999999999995,-0.7846 
3.01,-0.7849 
3.011,-0.7852 
3.0119999999999996,-0.7854 
3.013,-0.7857 
3.0139999999999993,-0.786 
3.0149999999999997,-0.7863 
3.016,-0.7866 
3.0169999999999995,-0.7868 
3.018,-0.7871 
3.019,-0.7874 
3.0199999999999996,-0.7876 
3.021,-0.7879 
3.0219999999999994,-0.7882 
3.0229999999999997,-0.7885 
3.024,-0.7888 
3.0249999999999995,-0.789 
3.026,-0.7893 
3.027,-0.7896 
3.0279999999999996,-0.7899 
3.029,-0.7901 
3.0299999999999994,-0.7904 
3.0309999999999997,-0.7907 
3.032,-0.791 
3.0329999999999995,-0.7912 
3.034,-0.7915 
3.035,-0.7918 
3.0359999999999996,-0.792 
3.037,-0.7923 
3.0379999999999994,-0.7926 
3.0389999999999997,-0.7929 
3.04,-0.7932 
3.0409999999999995,-0.7934 
3.042,-0.7937 
3.043,-0.794 
3.0439999999999996,-0.7942 
3.045,-0.7946 
3.0459999999999994,-0.7948 
3.0469999999999997,-0.7951 
3.048,-0.7954 
3.0489999999999995,-0.7957 
3.05,-0.7959 
3.051,-0.7962 
3.0519999999999996,-0.7965 
3.053,-0.7967 
3.0539999999999994,-0.797 
3.0549999999999997,-0.7973 
3.056,-0.7976 
3.0569999999999995,-0.7979 
3.058,-0.7981 
3.059,-0.7984 
3.0599999999999996,-0.7987 
3.061,-0.799 
3.0619999999999994,-0.7993 
3.0629999999999997,-0.7995 
3.064,-0.7998 
3.0649999999999995,-0.8001 
3.066,-0.8004 
3.067,-0.8007 
3.0679999999999996,-0.8009 
3.069,-0.8013 
3.0699999999999994,-0.8015 
3.0709999999999997,-0.8018 
3.072,-0.802 
3.0729999999999995,-0.8023 
3.074,-0.8026 
3.075,-0.8029 
3.0759999999999996,-0.8032 
3.077,-0.8034 
3.0779999999999994,-0.8037 
3.0789999999999997,-0.804 
3.08,-0.8043 
3.0809999999999995,-0.8045 
3.082,-0.8048 
3.083,-0.8051 
3.0839999999999996,-0.8054 
3.085,-0.8056 
3.0859999999999994,-0.8059 
3.0869999999999997,-0.8062 
3.088,-0.8065 
3.0889999999999995,-0.8068 
3.09,-0.807 
3.091,-0.8074 
3.0919999999999996,-0.8076 
3.093,-0.8079 
3.0939999999999994,-0.8081 
3.0949999999999998,-0.8084 
3.096,-0.8087 
3.0969999999999995,-0.809 
3.098,-0.8093 
3.099,-0.8096 
3.0999999999999996,-0.8098 
3.101,-0.8101 
3.1019999999999994,-0.8104 
3.1029999999999998,-0.8107 
3.104,-0.811 
3.1049999999999995,-0.8113 
3.106,-0.8115 
3.1069999999999993,-0.8118 
3.1079999999999997,-0.8121 
3.109,-0.8123 
3.1099999999999994,-0.8126 
3.1109999999999998,-0.8129 
3.112,-0.8132 
3.1129999999999995,-0.8134 
3.114,-0.8137 
3.1149999999999993,-0.814 
3.1159999999999997,-0.8142 
3.117,-0.8145 
3.1179999999999994,-0.8148 
3.1189999999999998,-0.8151 
3.12,-0.8154 
3.1209999999999996,-0.8157 
3.122,-0.816 
3.1229999999999993,-0.8162 
3.1239999999999997,-0.8165 
3.125,-0.8168 
3.1259999999999994,-0.817 
3.127,-0.8174 
3.128,-0.8176 
3.1289999999999996,-0.8179 
3.13,-0.8182 
3.1309999999999993,-0.8185 
3.1319999999999997,-0.8188 
3.133,-0.819 
3.1339999999999995,-0.8193 
3.135,-0.8196 
3.136,-0.8198 
3.1369999999999996,-0.8202 
3.138,-0.8204 
3.1389999999999993,-0.8207 
3.1399999999999997,-0.821 
3.141,-0.8213 
3.1419999999999995,-0.8215 
3.143,-0.8218 
3.144,-0.8221 
3.1449999999999996,-0.8224 
3.146,-0.8227 
3.1469999999999994,-0.823 
3.1479999999999997,-0.8232 
3.149,-0.8235 
3.1499999999999995,-0.8238 
3.151,-0.8241 
3.152,-0.8243 
3.1529999999999996,-0.8246 
3.154,-0.8249 
3.1549999999999994,-0.8251 
3.1559999999999997,-0.8254 
3.157,-0.8257 
3.1579999999999995,-0.826 
3.159,-0.8263 
3.16,-0.8265 
3.1609999999999996,-0.8268 
3.162,-0.8271 
3.1629999999999994,-0.8274 
3.1639999999999997,-0.8277 
3.165,-0.828 
3.1659999999999995,-0.8283 
3.167,-0.8285 
3.168,-0.8288 
3.1689999999999996,-0.829 
3.17,-0.8293 
3.1709999999999994,-0.8296 
3.1719999999999997,-0.8299 
3.173,-0.8302 
3.1739999999999995,-0.8304 
3.175,-0.8307 
3.176,-0.831 
3.1769999999999996,-0.8313 
3.178,-0.8315 
3.1789999999999994,-0.8318 
3.1799999999999997,-0.8321 
3.181,-0.8324 
3.1819999999999995,-0.8327 
3.183,-0.8329 
3.184,-0.8332 
3.1849999999999996,-0.8335 
3.186,-0.8338 
3.1869999999999994,-0.8341 
3.1879999999999997,-0.8343 
3.189,-0.8346 
3.1899999999999995,-0.8349 
3.191,-0.8352 
3.192,-0.8355 
3.1929999999999996,-0.8357 
3.194,-0.836 
3.1949999999999994,-0.8363 
3.1959999999999997,-0.8366 
3.197,-0.8369 
3.1979999999999995,-0.8371 
3.199,-0.8374 
3.2,-0.8377 
3.2009999999999996,-0.838 
3.202,-0.8383 
3.2029999999999994,-0.8385 
3.2039999999999997,-0.8388 
3.205,-0.8391 
3.2059999999999995,-0.8394 
3.207,-0.8397 
3.208,-0.84 
3.2089999999999996,-0.8402 
3.21,-0.8405 
3.2109999999999994,-0.8408 
3.2119999999999997,-0.8411 
3.213,-0.8414 
3.2139999999999995,-0.8417 
3.215,-0.8419 
3.216,-0.8422 
3.2169999999999996,-0.8425 
3.218,-0.8428 
3.2189999999999994,-0.8431 
3.2199999999999998,-0.8433 
3.221,-0.8436 
3.2219999999999995,-0.8439 
3.223,-0.8441 
3.224,-0.8444 
3.2249999999999996,-0.8447 
3.226,-0.845 
3.2269999999999994,-0.8453 
3.2279999999999998,-0.8456 
3.229,-0.8458 
3.2299999999999995,-0.8461 
3.231,-0.8464 
3.2319999999999993,-0.8467 
3.2329999999999997,-0.8469 
3.234,-0.8472 
3.2349999999999994,-0.8475 
3.2359999999999998,-0.8478 
3.237,-0.8481 
3.2379999999999995,-0.8484 
3.239,-0.8487 
3.2399999999999993,-0.849 
3.2409999999999997,-0.8492 
3.242,-0.8495 
3.2429999999999994,-0.8498 
3.2439999999999998,-0.8501 
3.245,-0.8504 
3.2459999999999996,-0.8506 
3.247,-0.8509 
3.2479999999999993,-0.8512 
3.2489999999999997,-0.8515 
3.25,-0.8518 
3.2509999999999994,-0.852 
3.252,-0.8523 
3.253,-0.8526 
3.2539999999999996,-0.8529 
3.255,-0.8532 
3.2559999999999993,-0.8534 
3.2569999999999997,-0.8537 
3.258,-0.854 
3.2589999999999995,-0.8543 
3.26,-0.8546 
3.261,-0.8548 
3.2619999999999996,-0.8551 
3.263,-0.8554 
3.2639999999999993,-0.8557 
3.2649999999999997,-0.8559 
3.266,-0.8562 
3.2669999999999995,-0.8566 
3.268,-0.8568 
3.269,-0.8571 
3.2699999999999996,-0.8574 
3.271,-0.8577 
3.2719999999999994,-0.858 
3.2729999999999997,-0.8582 
3.274,-0.8585 
3.2749999999999995,-0.8588 
3.276,-0.8591 
3.277,-0.8594 
3.2779999999999996,-0.8597 
3.279,-0.86 
3.2799999999999994,-0.8602 
3.2809999999999997,-0.8605 
3.282,-0.8608 
3.2829999999999995,-0.8611 
3.284,-0.8613 
3.285,-0.8616 
3.2859999999999996,-0.8619 
3.287,-0.8622 
3.2879999999999994,-0.8625 
3.2889999999999997,-0.8628 
3.29,-0.863 
3.2909999999999995,-0.8633 
3.292,-0.8636 
3.293,-0.8638 
3.2939999999999996,-0.8642 
3.295,-0.8644 
3.2959999999999994,-0.8647 
3.2969999999999997,-0.865 
3.298,-0.8653 
3.2989999999999995,-0.8656 
3.3,-0.8658 
3.301,-0.8661 
3.3019999999999996,-0.8664 
3.303,-0.8667 
3.3039999999999994,-0.867 
3.3049999999999997,-0.8672 
3.306,-0.8676 
3.3069999999999995,-0.8678 
3.308,-0.8681 
3.309,-0.8683 
3.3099999999999996,-0.8686 
3.311,-0.8689 
3.3119999999999994,-0.8692 
3.3129999999999997,-0.8695 
3.314,-0.8698 
3.3149999999999995,-0.8701 
3.316,-0.8703 
3.317,-0.8706 
3.3179999999999996,-0.8709 
3.319,-0.8712 
3.3199999999999994,-0.8715 
3.3209999999999997,-0.8717 
3.322,-0.872 
3.3229999999999995,-0.8723 
3.324,-0.8726 
3.325,-0.8729 
3.3259999999999996,-0.8732 
3.327,-0.8735 
3.3279999999999994,-0.8737 
3.3289999999999997,-0.874 
3.33,-0.8743 
3.3309999999999995,-0.8745 
3.332,-0.8749 
3.333,-0.8751 
3.3339999999999996,-0.8754 
3.335,-0.8757 
3.3359999999999994,-0.876 
3.3369999999999997,-0.8763 
3.338,-0.8765 
3.3389999999999995,-0.8768 
3.34,-0.8771 
3.341,-0.8774 
3.3419999999999996,-0.8777 
3.343,-0.878 
3.3439999999999994,-0.8783 
3.3449999999999998,-0.8785 
3.346,-0.8789 
3.3469999999999995,-0.8791 
3.348,-0.8794 
3.349,-0.8797 
3.3499999999999996,-0.88 
3.351,-0.8802 
3.3519999999999994,-0.8805 
3.3529999999999998,-0.8808 
3.354,-0.8811 
3.3549999999999995,-0.8814 
3.356,-0.8817 
3.3569999999999993,-0.8819 
3.3579999999999997,-0.8822 
3.359,-0.8826 
3.3599999999999994,-0.8828 
3.3609999999999998,-0.8831 
3.362,-0.8834 
3.3629999999999995,-0.8836 
3.364,-0.8839 
3.3649999999999993,-0.8842 
3.3659999999999997,-0.8845 
3.367,-0.8848 
3.3679999999999994,-0.885 
3.3689999999999998,-0.8853 
3.37,-0.8856 
3.3709999999999996,-0.8859 
3.372,-0.8862 
3.3729999999999993,-0.8865 
3.3739999999999997,-0.8868 
3.375,-0.887 
3.3759999999999994,-0.8873 
3.377,-0.8876 
3.378,-0.8879 
3.3789999999999996,-0.8882 
3.38,-0.8885 
3.3809999999999993,-0.8888 
3.3819999999999997,-0.889 
3.383,-0.8894 
3.3839999999999995,-0.8896 
3.385,-0.8899 
3.386,-0.8902 
3.3869999999999996,-0.8905 
3.388,-0.8908 
3.3889999999999993,-0.891 
3.3899999999999997,-0.8914 
3.391,-0.8916 
3.3919999999999995,-0.8919 
3.393,-0.8922 
3.394,-0.8924 
3.3949999999999996,-0.8927 
3.396,-0.893 
3.3969999999999994,-0.8933 
3.3979999999999997,-0.8936 
3.399,-0.8939 
3.3999999999999995,-0.8942 
3.401,-0.8944 
3.402,-0.8948 
3.4029999999999996,-0.895 
3.404,-0.8953 
3.4049999999999994,-0.8956 
3.4059999999999997,-0.8958 
3.407,-0.8962 
3.4079999999999995,-0.8965 
3.409,-0.8967 
3.41,-0.897 
3.4109999999999996,-0.8973 
3.412,-0.8976 
3.4129999999999994,-0.8979 
3.4139999999999997,-0.8982 
3.415,-0.8984 
3.4159999999999995,-0.8987 
3.417,-0.899 
3.418,-0.8993 
3.4189999999999996,-0.8996 
3.42,-0.8998 
3.4209999999999994,-0.9001 
3.4219999999999997,-0.9004 
3.423,-0.9007 
3.4239999999999995,-0.901 
3.425,-0.9013 
3.426,-0.9016 
3.4269999999999996,-0.9019 
3.428,-0.9021 
3.4289999999999994,-0.9024 
3.4299999999999997,-0.9027 
3.431,-0.903 
3.4319999999999995,-0.9033 
3.433,-0.9036 
3.434,-0.9038 
3.4349999999999996,-0.9041 
3.436,-0.9044 
3.4369999999999994,-0.9047 
3.4379999999999997,-0.905 
3.439,-0.9052 
3.4399999999999995,-0.9055 
3.441,-0.9059 
3.442,-0.9061 
3.4429999999999996,-0.9064 
3.444,-0.9067 
3.4449999999999994,-0.907 
3.4459999999999997,-0.9073 
3.447,-0.9075 
3.4479999999999995,-0.9078 
3.449,-0.9081 
3.45,-0.9084 
3.4509999999999996,-0.9086 
3.452,-0.9089 
3.4529999999999994,-0.9092 
3.4539999999999997,-0.9095 
3.455,-0.9098 
3.4559999999999995,-0.9101 
3.457,-0.9104 
3.458,-0.9106 
3.4589999999999996,-0.9109 
3.46,-0.9113 
3.4609999999999994,-0.9115 
3.4619999999999997,-0.9118 
3.463,-0.9121 
3.4639999999999995,-0.9123 
3.465,-0.9126 
3.466,-0.9129 
3.4669999999999996,-0.9132 
3.468,-0.9135 
3.4689999999999994,-0.9138 
3.4699999999999998,-0.9141 
3.471,-0.9144 
3.4719999999999995,-0.9147 
3.473,-0.9149 
3.474,-0.9152 
3.4749999999999996,-0.9155 
3.476,-0.9157 
3.4769999999999994,-0.9161 
3.4779999999999998,-0.9163 
3.479,-0.9166 
3.4799999999999995,-0.9169 
3.481,-0.9172 
3.4819999999999993,-0.9175 
3.4829999999999997,-0.9178 
3.484,-0.9181 
3.4849999999999994,-0.9183 
3.4859999999999998,-0.9187 
3.487,-0.9189 
3.4879999999999995,-0.9192 
3.489,-0.9196 
3.4899999999999993,-0.9198 
3.4909999999999997,-0.9201 
3.492,-0.9204 
3.4929999999999994,-0.9207 
3.4939999999999998,-0.921 
3.495,-0.9212 
3.4959999999999996,-0.9215 
3.497,-0.9218 
3.4979999999999993,-0.9221 
3.4989999999999997,-0.9224 
3.5,-0.9226 
3.5009999999999994,-0.923 
3.502,-0.9232 
3.503,-0.9235 
3.5039999999999996,-0.9238 
3.505,-0.9241 
3.5059999999999993,-0.9244 
3.5069999999999997,-0.9246 
3.508,-0.9249 
3.5089999999999995,-0.9252 
3.51,-0.9255 
3.511,-0.9258 
3.5119999999999996,-0.9261 
3.513,-0.9263 
3.5139999999999993,-0.9266 
3.5149999999999997,-0.9269 
3.516,-0.9272 
3.5169999999999995,-0.9275 
3.518,-0.9278 
3.519,-0.9281 
3.5199999999999996,-0.9284 
3.521,-0.9286 
3.5219999999999994,-0.9289 
3.5229999999999997,-0.9292 
3.524,-0.9295 
3.5249999999999995,-0.9298 
3.526,-0.9301 
3.527,-0.9304 
3.5279999999999996,-0.9307 
3.529,-0.9309 
3.5299999999999994,-0.9313 
3.5309999999999997,-0.9315 
3.532,-0.9318 
3.5329999999999995,-0.9321 
3.534,-0.9324 
3.535,-0.9327 
3.5359999999999996,-0.9329 
3.537,-0.9332 
3.5379999999999994,-0.9335 
3.5389999999999997,-0.9338 
3.54,-0.9341 
3.5409999999999995,-0.9343 
3.542,-0.9346 
3.543,-0.9349 
3.5439999999999996,-0.9352 
3.545,-0.9355 
3.5459999999999994,-0.9358 
3.5469999999999997,-0.9361 
3.548,-0.9364 
3.5489999999999995,-0.9367 
3.55,-0.937 
3.551,-0.9372 
3.5519999999999996,-0.9376 
3.553,-0.9378 
3.5539999999999994,-0.9381 
3.5549999999999997,-0.9384 
3.556,-0.9387 
3.5569999999999995,-0.939 
3.558,-0.9393 
3.559,-0.9396 
3.5599999999999996,-0.9398 
3.561,-0.9401 
3.5619999999999994,-0.9404 
3.5629999999999997,-0.9407 
3.564,-0.941 
3.5649999999999995,-0.9413 
3.566,-0.9415 
3.567,-0.9418 
3.5679999999999996,-0.9421 
3.569,-0.9424 
3.5699999999999994,-0.9427 
3.5709999999999997,-0.9429 
3.572,-0.9432 
3.5729999999999995,-0.9435 
3.574,-0.9438 
3.575,-0.9441 
3.5759999999999996,-0.9444 
3.577,-0.9447 
3.5779999999999994,-0.945 
3.5789999999999997,-0.9452 
3.58,-0.9455 
3.5809999999999995,-0.9458 
3.582,-0.9461 
3.583,-0.9464 
3.5839999999999996,-0.9466 
3.585,-0.9469 
3.5859999999999994,-0.9473 
3.5869999999999997,-0.9475 
3.588,-0.9478 
3.5889999999999995,-0.9481 
3.59,-0.9484 
3.591,-0.9487 
3.5919999999999996,-0.949 
3.593,-0.9492 
3.5939999999999994,-0.9495 
3.5949999999999998,-0.9498 
3.596,-0.9501 
3.5969999999999995,-0.9504 
3.598,-0.9507 
3.599,-0.9509 
3.5999999999999996,-0.9512 
3.601,-0.9515 
3.6019999999999994,-0.9518 
3.6029999999999998,-0.9521 
3.604,-0.9524 
3.6049999999999995,-0.9527 
3.606,-0.953 
3.6069999999999993,-0.9532 
3.6079999999999997,-0.9535 
3.609,-0.9538 
3.6099999999999994,-0.9541 
3.6109999999999998,-0.9543 
3.612,-0.9547 
3.6129999999999995,-0.9549 
3.614,-0.9552 
3.6149999999999993,-0.9555 
3.6159999999999997,-0.9558 
3.617,-0.9561 
3.6179999999999994,-0.9564 
3.6189999999999998,-0.9567 
3.62,-0.957 
3.6209999999999996,-0.9572 
3.622,-0.9576 
3.6229999999999993,-0.9578 
3.6239999999999997,-0.9581 
3.625,-0.9584 
3.6259999999999994,-0.9587 
3.627,-0.959 
3.628,-0.9593 
3.6289999999999996,-0.9595 
3.63,-0.9598 
3.6309999999999993,-0.9601 
3.6319999999999997,-0.9604 
3.633,-0.9607 
3.6339999999999995,-0.961 
3.635,-0.9612 
3.636,-0.9615 
3.6369999999999996,-0.9618 
3.638,-0.9621 
3.6389999999999993,-0.9624 
3.6399999999999997,-0.9627 
3.641,-0.963 
3.6419999999999995,-0.9633 
3.643,-0.9635 
3.644,-0.9638 
3.6449999999999996,-0.9641 
3.646,-0.9644 
3.6469999999999994,-0.9647 
3.6479999999999997,-0.9649 
3.649,-0.9653 
3.6499999999999995,-0.9655 
3.651,-0.9658 
3.652,-0.9661 
3.6529999999999996,-0.9664 
3.654,-0.9667 
3.6549999999999994,-0.967 
3.6559999999999997,-0.9673 
3.657,-0.9675 
3.6579999999999995,-0.9678 
3.659,-0.9681 
3.66,-0.9684 
3.6609999999999996,-0.9687 
3.662,-0.969 
3.6629999999999994,-0.9693 
3.6639999999999997,-0.9695 
3.665,-0.9699 
3.6659999999999995,-0.9701 
3.667,-0.9704 
3.668,-0.9707 
3.6689999999999996,-0.971 
3.67,-0.9713 
3.6709999999999994,-0.9715 
3.6719999999999997,-0.9718 
3.673,-0.9722 
3.6739999999999995,-0.9724 
3.675,-0.9727 
3.676,-0.973 
3.6769999999999996,-0.9733 
3.678,-0.9736 
3.6789999999999994,-0.9738 
3.6799999999999997,-0.9742 
3.681,-0.9744 
3.6819999999999995,-0.9747 
3.683,-0.975 
3.684,-0.9753 
3.6849999999999996,-0.9756 
3.686,-0.9759 
3.6869999999999994,-0.9761 
3.6879999999999997,-0.9764 
3.689,-0.9767 
3.6899999999999995,-0.977 
3.691,-0.9773 
3.692,-0.9776 
3.6929999999999996,-0.9779 
3.694,-0.9782 
3.6949999999999994,-0.9784 
3.6959999999999997,-0.9787 
3.697,-0.979 
3.6979999999999995,-0.9793 
3.699,-0.9796 
3.7,-0.9799 
3.7009999999999996,-0.9802 
3.702,-0.9805 
3.7029999999999994,-0.9807 
3.7039999999999997,-0.981 
3.705,-0.9813 
3.7059999999999995,-0.9816 
3.707,-0.9819 
3.708,-0.9821 
3.7089999999999996,-0.9824 
3.71,-0.9827 
3.7109999999999994,-0.983 
3.7119999999999997,-0.9833 
3.713,-0.9835 
3.7139999999999995,-0.9838 
3.715,-0.9841 
3.716,-0.9844 
3.7169999999999996,-0.9847 
3.718,-0.985 
3.7189999999999994,-0.9852 
3.7199999999999998,-0.9855 
3.721,-0.9858 
3.7219999999999995,-0.9861 
3.723,-0.9864 
3.724,-0.9866 
3.7249999999999996,-0.9869 
3.726,-0.9873 
3.7269999999999994,-0.9875 
3.7279999999999998,-0.9878 
3.729,-0.9881 
3.7299999999999995,-0.9884 
3.731,-0.9887 
3.7319999999999993,-0.9889 
3.7329999999999997,-0.9892 
3.734,-0.9895 
3.7349999999999994,-0.9898 
3.7359999999999998,-0.9901 
3.737,-0.9904 
3.7379999999999995,-0.9906 
3.739,-0.9909 
3.7399999999999993,-0.9912 
3.7409999999999997,-0.9915 
3.742,-0.9917 
3.7429999999999994,-0.9921 
3.7439999999999998,-0.9923 
3.745,-0.9926 
3.7459999999999996,-0.9929 
3.747,-0.9932 
3.7479999999999993,-0.9935 
3.7489999999999997,-0.9938 
3.75,-0.9941 
3.7509999999999994,-0.9943 
3.752,-0.9946 
3.753,-0.9949 
3.7539999999999996,-0.9952 
3.755,-0.9955 
3.7559999999999993,-0.9957 
3.7569999999999997,-0.9961 
3.758,-0.9963 
3.7589999999999995,-0.9966 
3.76,-0.9969 
3.761,-0.9971 
3.7619999999999996,-0.9975 
3.763,-0.9977 
3.7639999999999993,-0.998 
3.7649999999999997,-0.9983 
3.766,-0.9986 
3.7669999999999995,-0.9989 
3.768,-0.9991 
3.769,-0.9994 
3.7699999999999996,-0.9997 
3.771,-1.0 
