cp80.txt
0.0,-0.9998 
0.0009999999999998899,-0.6796 
0.0019999999999997797,-0.6654 
0.0029999999999996696,-0.6551 
0.0040000000000000036,-0.642 
0.004999999999999893,-0.6332 
0.005999999999999783,-0.6251 
0.006999999999999673,-0.6177 
0.008000000000000007,-0.611 
0.008999999999999897,-0.605 
0.009999999999999787,-0.5996 
0.010999999999999677,-0.5942 
0.011999999999999567,-0.5889 
0.0129999999999999,-0.5835 
0.01399999999999979,-0.5782 
0.01499999999999968,-0.5732 
0.01599999999999957,-0.5684 
0.016999999999999904,-0.5638 
0.017999999999999794,-0.5592 
0.018999999999999684,-0.5549 
0.019999999999999574,-0.5508 
0.020999999999999908,-0.5467 
0.021999999999999797,-0.5428 
0.022999999999999687,-0.539 
0.023999999999999577,-0.5354 
0.02499999999999991,-0.5318 
0.0259999999999998,-0.5283 
0.02699999999999969,-0.5249 
0.02799999999999958,-0.5216 
0.028999999999999915,-0.5185 
0.029999999999999805,-0.5153 
0.030999999999999694,-0.5123 
0.031999999999999584,-0.5093 
0.03299999999999992,-0.5064 
0.03399999999999981,-0.5035 
0.0349999999999997,-0.5007 
0.03599999999999959,-0.498 
0.03699999999999992,-0.4953 
0.03799999999999981,-0.4926 
0.0389999999999997,-0.4901 
0.03999999999999959,-0.4876 
0.040999999999999925,-0.4851 
0.041999999999999815,-0.4826 
0.042999999999999705,-0.4802 
0.043999999999999595,-0.4779 
0.04499999999999993,-0.4756 
0.04599999999999982,-0.4733 
0.04699999999999971,-0.4711 
0.0479999999999996,-0.4689 
0.04899999999999993,-0.4667 
0.04999999999999982,-0.4646 
0.05099999999999971,-0.4625 
0.0519999999999996,-0.4604 
0.052999999999999936,-0.4583 
0.053999999999999826,-0.4563 
0.054999999999999716,-0.4543 
0.055999999999999606,-0.4524 
0.05699999999999994,-0.4505 
0.05799999999999983,-0.4486 
0.05899999999999972,-0.4467 
0.05999999999999961,-0.4448 
0.06099999999999994,-0.443 
0.06199999999999983,-0.4412 
0.06299999999999972,-0.4394 
0.06399999999999961,-0.4376 
0.06499999999999995,-0.4359 
0.06599999999999984,-0.4341 
0.06699999999999973,-0.4325 
0.06799999999999962,-0.4308 
0.06899999999999995,-0.4291 
0.06999999999999984,-0.4274 
0.07099999999999973,-0.4258 
0.07199999999999962,-0.4241 
0.07299999999999995,-0.4226 
0.07399999999999984,-0.421 
0.07499999999999973,-0.4194 
0.07599999999999962,-0.4178 
0.07699999999999996,-0.4162 
0.07799999999999985,-0.4147 
0.07899999999999974,-0.4132 
0.07999999999999963,-0.4117 
0.08099999999999996,-0.4102 
0.08199999999999985,-0.4087 
0.08299999999999974,-0.4072 
0.08399999999999963,-0.4057 
0.08499999999999996,-0.4043 
0.08599999999999985,-0.4028 
0.08699999999999974,-0.4015 
0.08799999999999963,-0.4 
0.08899999999999997,-0.3987 
0.08999999999999986,-0.3974 
0.09099999999999975,-0.3961 
0.09199999999999964,-0.3948 
0.09299999999999997,-0.3934 
0.09399999999999986,-0.3922 
0.09499999999999975,-0.3909 
0.09599999999999964,-0.3897 
0.09699999999999998,-0.3885 
0.09799999999999986,-0.3873 
0.09899999999999975,-0.3863 
0.09999999999999964,-0.3852 
0.10099999999999998,-0.3841 
0.10199999999999987,-0.3831 
0.10299999999999976,-0.382 
0.10399999999999965,-0.381 
0.10499999999999998,-0.3799 
0.10599999999999987,-0.3788 
0.10699999999999976,-0.3777 
0.10799999999999965,-0.3765 
0.10899999999999999,-0.3755 
0.10999999999999988,-0.3743 
0.11099999999999977,-0.3732 
0.11199999999999966,-0.372 
0.11299999999999999,-0.3709 
0.11399999999999988,-0.3697 
0.11499999999999977,-0.3686 
0.11599999999999966,-0.3675 
0.11699999999999999,-0.3662 
0.11799999999999988,-0.365 
0.11899999999999977,-0.3637 
0.11999999999999966,-0.3623 
0.121,-0.361 
0.12199999999999989,-0.3596 
0.12299999999999978,-0.3582 
0.12399999999999967,-0.3569 
0.125,-0.3557 
0.1259999999999999,-0.3546 
0.12699999999999978,-0.3535 
0.12799999999999967,-0.3525 
0.129,-0.3516 
0.1299999999999999,-0.3509 
0.13099999999999978,-0.3503 
0.13199999999999967,-0.3495 
0.133,-0.3486 
0.1339999999999999,-0.3478 
0.1349999999999998,-0.3469 
0.13599999999999968,-0.3462 
0.13699999999999957,-0.3455 
0.1379999999999999,-0.3449 
0.1389999999999998,-0.3444 
0.13999999999999968,-0.3439 
0.14099999999999957,-0.3432 
0.1419999999999999,-0.3426 
0.1429999999999998,-0.3419 
0.14399999999999968,-0.3412 
0.14499999999999957,-0.3405 
0.1459999999999999,-0.3397 
0.1469999999999998,-0.3389 
0.1479999999999997,-0.3381 
0.14899999999999958,-0.3374 
0.1499999999999999,-0.3366 
0.1509999999999998,-0.3358 
0.1519999999999997,-0.335 
0.15299999999999958,-0.3342 
0.15399999999999991,-0.3334 
0.1549999999999998,-0.3326 
0.1559999999999997,-0.3318 
0.15699999999999958,-0.3311 
0.15799999999999992,-0.3303 
0.1589999999999998,-0.3295 
0.1599999999999997,-0.3287 
0.1609999999999996,-0.328 
0.16199999999999992,-0.3272 
0.1629999999999998,-0.3264 
0.1639999999999997,-0.3257 
0.1649999999999996,-0.3249 
0.16599999999999993,-0.3241 
0.16699999999999982,-0.3234 
0.1679999999999997,-0.3226 
0.1689999999999996,-0.3219 
0.16999999999999993,-0.3211 
0.17099999999999982,-0.3204 
0.1719999999999997,-0.3196 
0.1729999999999996,-0.3189 
0.17399999999999993,-0.3182 
0.17499999999999982,-0.3174 
0.1759999999999997,-0.3167 
0.1769999999999996,-0.316 
0.17799999999999994,-0.3153 
0.17899999999999983,-0.3146 
0.17999999999999972,-0.3138 
0.1809999999999996,-0.3132 
0.18199999999999994,-0.3124 
0.18299999999999983,-0.3117 
0.18399999999999972,-0.311 
0.1849999999999996,-0.3103 
0.18599999999999994,-0.3096 
0.18699999999999983,-0.3089 
0.18799999999999972,-0.3082 
0.1889999999999996,-0.3075 
0.18999999999999995,-0.3068 
0.19099999999999984,-0.3061 
0.19199999999999973,-0.3054 
0.19299999999999962,-0.3048 
0.19399999999999995,-0.3041 
0.19499999999999984,-0.3034 
0.19599999999999973,-0.3027 
0.19699999999999962,-0.302 
0.19799999999999995,-0.3014 
0.19899999999999984,-0.3007 
0.19999999999999973,-0.3001 
0.20099999999999962,-0.2994 
0.20199999999999996,-0.2988 
0.20299999999999985,-0.2981 
0.20399999999999974,-0.2975 
0.20499999999999963,-0.2968 
0.20599999999999996,-0.2961 
0.20699999999999985,-0.2955 
0.20799999999999974,-0.2949 
0.20899999999999963,-0.2942 
0.20999999999999996,-0.2936 
0.21099999999999985,-0.293 
0.21199999999999974,-0.2923 
0.21299999999999963,-0.2917 
0.21399999999999997,-0.2911 
0.21499999999999986,-0.2905 
0.21599999999999975,-0.2898 
0.21699999999999964,-0.2892 
0.21799999999999997,-0.2885 
0.21899999999999986,-0.2879 
0.21999999999999975,-0.2873 
0.22099999999999964,-0.2867 
0.22199999999999998,-0.2861 
0.22299999999999986,-0.2855 
0.22399999999999975,-0.2849 
0.22499999999999964,-0.2843 
0.22599999999999998,-0.2837 
0.22699999999999987,-0.2831 
0.22799999999999976,-0.2825 
0.22899999999999965,-0.2819 
0.22999999999999998,-0.2813 
0.23099999999999987,-0.2807 
0.23199999999999976,-0.2801 
0.23299999999999965,-0.2795 
0.23399999999999999,-0.279 
0.23499999999999988,-0.2783 
0.23599999999999977,-0.2778 
0.23699999999999966,-0.2772 
0.238,-0.2766 
0.23899999999999988,-0.2761 
0.23999999999999977,-0.2755 
0.24099999999999966,-0.2749 
0.242,-0.2743 
0.24299999999999988,-0.2737 
0.24399999999999977,-0.2732 
0.24499999999999966,-0.2726 
0.246,-0.272 
0.2469999999999999,-0.2715 
0.24799999999999978,-0.2709 
0.24899999999999967,-0.2703 
0.25,-0.2698 
0.2509999999999999,-0.2692 
0.2519999999999998,-0.2687 
0.25299999999999967,-0.2681 
0.254,-0.2675 
0.2549999999999999,-0.267 
0.2559999999999998,-0.2665 
0.2569999999999997,-0.2659 
0.258,-0.2654 
0.2589999999999999,-0.2648 
0.2599999999999998,-0.2643 
0.2609999999999997,-0.2637 
0.26199999999999957,-0.2632 
0.2629999999999999,-0.2627 
0.2639999999999998,-0.2621 
0.2649999999999997,-0.2616 
0.26599999999999957,-0.2611 
0.2669999999999999,-0.2605 
0.2679999999999998,-0.26 
0.2689999999999997,-0.2594 
0.2699999999999996,-0.2589 
0.2709999999999999,-0.2584 
0.2719999999999998,-0.2579 
0.2729999999999997,-0.2573 
0.2739999999999996,-0.2568 
0.2749999999999999,-0.2563 
0.2759999999999998,-0.2558 
0.2769999999999997,-0.2553 
0.2779999999999996,-0.2547 
0.2789999999999999,-0.2542 
0.2799999999999998,-0.2537 
0.2809999999999997,-0.2532 
0.2819999999999996,-0.2527 
0.2829999999999999,-0.2522 
0.2839999999999998,-0.2516 
0.2849999999999997,-0.2512 
0.2859999999999996,-0.2506 
0.2869999999999999,-0.2501 
0.2879999999999998,-0.2496 
0.2889999999999997,-0.2491 
0.2899999999999996,-0.2486 
0.2909999999999999,-0.2481 
0.2919999999999998,-0.2476 
0.2929999999999997,-0.2471 
0.2939999999999996,-0.2466 
0.29499999999999993,-0.2461 
0.2959999999999998,-0.2456 
0.2969999999999997,-0.2451 
0.2979999999999996,-0.2446 
0.29899999999999993,-0.2441 
0.2999999999999998,-0.2436 
0.3009999999999997,-0.2431 
0.3019999999999996,-0.2426 
0.30299999999999994,-0.2421 
0.3039999999999998,-0.2417 
0.3049999999999997,-0.2412 
0.3059999999999996,-0.2407 
0.30699999999999994,-0.2402 
0.30799999999999983,-0.2397 
0.3089999999999997,-0.2393 
0.3099999999999996,-0.2388 
0.31099999999999994,-0.2383 
0.31199999999999983,-0.2378 
0.3129999999999997,-0.2373 
0.3139999999999996,-0.2369 
0.31499999999999995,-0.2364 
0.31599999999999984,-0.2359 
0.3169999999999997,-0.2354 
0.3179999999999996,-0.2349 
0.31899999999999995,-0.2345 
0.31999999999999984,-0.234 
0.32099999999999973,-0.2335 
0.3219999999999996,-0.233 
0.32299999999999995,-0.2326 
0.32399999999999984,-0.2321 
0.32499999999999973,-0.2316 
0.3259999999999996,-0.2312 
0.32699999999999996,-0.2307 
0.32799999999999985,-0.2302 
0.32899999999999974,-0.2297 
0.3299999999999996,-0.2293 
0.33099999999999996,-0.2288 
0.33199999999999985,-0.2284 
0.33299999999999974,-0.2279 
0.33399999999999963,-0.2274 
0.33499999999999996,-0.227 
0.33599999999999985,-0.2265 
0.33699999999999974,-0.226 
0.33799999999999963,-0.2256 
0.33899999999999997,-0.2251 
0.33999999999999986,-0.2247 
0.34099999999999975,-0.2242 
0.34199999999999964,-0.2238 
0.34299999999999997,-0.2234 
0.34399999999999986,-0.2229 
0.34499999999999975,-0.2225 
0.34599999999999964,-0.222 
0.347,-0.2215 
0.34799999999999986,-0.221 
0.34899999999999975,-0.2206 
0.34999999999999964,-0.2202 
0.351,-0.2197 
0.35199999999999987,-0.2193 
0.35299999999999976,-0.2188 
0.35399999999999965,-0.2184 
0.355,-0.2179 
0.35599999999999987,-0.2175 
0.35699999999999976,-0.217 
0.35799999999999965,-0.2166 
0.359,-0.2161 
0.3599999999999999,-0.2157 
0.36099999999999977,-0.2153 
0.36199999999999966,-0.2149 
0.363,-0.2144 
0.3639999999999999,-0.214 
0.36499999999999977,-0.2135 
0.36599999999999966,-0.2131 
0.367,-0.2127 
0.3679999999999999,-0.2122 
0.3689999999999998,-0.2118 
0.36999999999999966,-0.2113 
0.371,-0.2109 
0.3719999999999999,-0.2105 
0.3729999999999998,-0.21 
0.37399999999999967,-0.2096 
0.375,-0.2091 
0.3759999999999999,-0.2087 
0.3769999999999998,-0.2083 
0.37799999999999967,-0.2079 
0.379,-0.2075 
0.3799999999999999,-0.207 
0.3809999999999998,-0.2066 
0.3819999999999997,-0.2061 
0.383,-0.2057 
0.3839999999999999,-0.2053 
0.3849999999999998,-0.2049 
0.3859999999999997,-0.2045 
0.38699999999999957,-0.204 
0.3879999999999999,-0.2036 
0.3889999999999998,-0.2032 
0.3899999999999997,-0.2027 
0.39099999999999957,-0.2024 
0.3919999999999999,-0.2019 
0.3929999999999998,-0.2015 
0.3939999999999997,-0.2011 
0.3949999999999996,-0.2007 
0.3959999999999999,-0.2003 
0.3969999999999998,-0.1998 
0.3979999999999997,-0.1995 
0.3989999999999996,-0.199 
0.3999999999999999,-0.1986 
0.4009999999999998,-0.1982 
0.4019999999999997,-0.1978 
0.4029999999999996,-0.1974 
0.4039999999999999,-0.1969 
0.4049999999999998,-0.1965 
0.4059999999999997,-0.1961 
0.4069999999999996,-0.1957 
0.4079999999999999,-0.1953 
0.4089999999999998,-0.1948 
0.4099999999999997,-0.1944 
0.4109999999999996,-0.1941 
0.4119999999999999,-0.1936 
0.4129999999999998,-0.1932 
0.4139999999999997,-0.1928 
0.4149999999999996,-0.1924 
0.4159999999999999,-0.192 
0.4169999999999998,-0.1915 
0.4179999999999997,-0.1911 
0.4189999999999996,-0.1907 
0.41999999999999993,-0.1904 
0.4209999999999998,-0.1899 
0.4219999999999997,-0.1896 
0.4229999999999996,-0.1891 
0.42399999999999993,-0.1887 
0.4249999999999998,-0.1883 
0.4259999999999997,-0.1879 
0.4269999999999996,-0.1875 
0.42799999999999994,-0.1871 
0.4289999999999998,-0.1867 
0.4299999999999997,-0.1863 
0.4309999999999996,-0.1859 
0.43199999999999994,-0.1855 
0.43299999999999983,-0.1851 
0.4339999999999997,-0.1847 
0.4349999999999996,-0.1843 
0.43599999999999994,-0.1839 
0.43699999999999983,-0.1835 
0.4379999999999997,-0.1831 
0.4389999999999996,-0.1827 
0.43999999999999995,-0.1823 
0.44099999999999984,-0.1819 
0.4419999999999997,-0.1815 
0.4429999999999996,-0.1811 
0.44399999999999995,-0.1807 
0.44499999999999984,-0.1803 
0.44599999999999973,-0.1799 
0.4469999999999996,-0.1795 
0.44799999999999995,-0.1791 
0.44899999999999984,-0.1787 
0.44999999999999973,-0.1783 
0.4509999999999996,-0.178 
0.45199999999999996,-0.1775 
0.45299999999999985,-0.1771 
0.45399999999999974,-0.1767 
0.4549999999999996,-0.1764 
0.45599999999999996,-0.176 
0.45699999999999985,-0.1756 
0.45799999999999974,-0.1752 
0.45899999999999963,-0.1748 
0.45999999999999996,-0.1744 
0.46099999999999985,-0.174 
0.46199999999999974,-0.1736 
0.46299999999999963,-0.1732 
0.46399999999999997,-0.1728 
0.46499999999999986,-0.1725 
0.46599999999999975,-0.172 
0.46699999999999964,-0.1717 
0.46799999999999997,-0.1713 
0.46899999999999986,-0.1709 
0.46999999999999975,-0.1705 
0.47099999999999964,-0.1701 
0.472,-0.1697 
0.47299999999999986,-0.1694 
0.47399999999999975,-0.1689 
0.47499999999999964,-0.1686 
0.476,-0.1682 
0.47699999999999987,-0.1678 
0.47799999999999976,-0.1674 
0.47899999999999965,-0.167 
0.48,-0.1667 
0.48099999999999987,-0.1662 
0.48199999999999976,-0.1659 
0.48299999999999965,-0.1655 
0.484,-0.1651 
0.4849999999999999,-0.1647 
0.48599999999999977,-0.1643 
0.48699999999999966,-0.164 
0.488,-0.1636 
0.4889999999999999,-0.1632 
0.48999999999999977,-0.1629 
0.49099999999999966,-0.1625 
0.492,-0.1621 
0.4929999999999999,-0.1617 
0.4939999999999998,-0.1613 
0.49499999999999966,-0.1609 
0.496,-0.1606 
0.4969999999999999,-0.1602 
0.4979999999999998,-0.1598 
0.49899999999999967,-0.1594 
0.5,-0.1591 
0.5009999999999999,-0.1587 
0.5019999999999998,-0.1583 
0.5029999999999997,-0.1579 
0.504,-0.1576 
0.5049999999999999,-0.1572 
0.5059999999999998,-0.1568 
0.5069999999999997,-0.1565 
0.508,-0.156 
0.5089999999999999,-0.1557 
0.5099999999999998,-0.1553 
0.5109999999999997,-0.1549 
0.5119999999999996,-0.1546 
0.5129999999999999,-0.1542 
0.5139999999999998,-0.1538 
0.5149999999999997,-0.1534 
0.5159999999999996,-0.1531 
0.5169999999999999,-0.1527 
0.5179999999999998,-0.1523 
0.5189999999999997,-0.1519 
0.5199999999999996,-0.1515 
0.5209999999999999,-0.1512 
0.5219999999999998,-0.1508 
0.5229999999999997,-0.1504 
0.5239999999999996,-0.15 
0.5249999999999999,-0.1497 
0.5259999999999998,-0.1493 
0.5269999999999997,-0.1489 
0.5279999999999996,-0.1486 
0.5289999999999999,-0.1482 
0.5299999999999998,-0.1478 
0.5309999999999997,-0.1475 
0.5319999999999996,-0.1471 
0.5329999999999999,-0.1468 
0.5339999999999998,-0.1463 
0.5349999999999997,-0.146 
0.5359999999999996,-0.1456 
0.5369999999999999,-0.1453 
0.5379999999999998,-0.1449 
0.5389999999999997,-0.1445 
0.5399999999999996,-0.1441 
0.5409999999999999,-0.1438 
0.5419999999999998,-0.1434 
0.5429999999999997,-0.143 
0.5439999999999996,-0.1427 
0.5449999999999999,-0.1423 
0.5459999999999998,-0.1419 
0.5469999999999997,-0.1416 
0.5479999999999996,-0.1412 
0.5489999999999999,-0.1408 
0.5499999999999998,-0.1405 
0.5509999999999997,-0.1401 
0.5519999999999996,-0.1397 
0.5529999999999999,-0.1394 
0.5539999999999998,-0.139 
0.5549999999999997,-0.1387 
0.5559999999999996,-0.1383 
0.5569999999999999,-0.1379 
0.5579999999999998,-0.1375 
0.5589999999999997,-0.1372 
0.5599999999999996,-0.1369 
0.5609999999999999,-0.1365 
0.5619999999999998,-0.1361 
0.5629999999999997,-0.1357 
0.5639999999999996,-0.1354 
0.565,-0.135 
0.5659999999999998,-0.1346 
0.5669999999999997,-0.1343 
0.5679999999999996,-0.1339 
0.569,-0.1335 
0.5699999999999998,-0.1332 
0.5709999999999997,-0.1328 
0.5719999999999996,-0.1325 
0.573,-0.1321 
0.5739999999999998,-0.1317 
0.5749999999999997,-0.1314 
0.5759999999999996,-0.131 
0.577,-0.1306 
0.5779999999999998,-0.1303 
0.5789999999999997,-0.13 
0.5799999999999996,-0.1296 
0.581,-0.1292 
0.5819999999999999,-0.1289 
0.5829999999999997,-0.1285 
0.5839999999999996,-0.1282 
0.585,-0.1278 
0.5859999999999999,-0.1275 
0.5869999999999997,-0.127 
0.5879999999999996,-0.1267 
0.589,-0.1264 
0.5899999999999999,-0.126 
0.5909999999999997,-0.1257 
0.5919999999999996,-0.1252 
0.593,-0.1249 
0.5939999999999999,-0.1246 
0.5949999999999998,-0.1242 
0.5959999999999996,-0.1239 
0.597,-0.1235 
0.5979999999999999,-0.1232 
0.5989999999999998,-0.1228 
0.5999999999999996,-0.1225 
0.601,-0.1221 
0.6019999999999999,-0.1217 
0.6029999999999998,-0.1214 
0.6039999999999996,-0.121 
0.605,-0.1207 
0.6059999999999999,-0.1203 
0.6069999999999998,-0.12 
0.6079999999999997,-0.1196 
0.609,-0.1192 
0.6099999999999999,-0.1189 
0.6109999999999998,-0.1185 
0.6119999999999997,-0.1182 
0.613,-0.1179 
0.6139999999999999,-0.1175 
0.6149999999999998,-0.1171 
0.6159999999999997,-0.1168 
0.617,-0.1164 
0.6179999999999999,-0.1161 
0.6189999999999998,-0.1157 
0.6199999999999997,-0.1154 
0.621,-0.115 
0.6219999999999999,-0.1146 
0.6229999999999998,-0.1143 
0.6239999999999997,-0.1139 
0.625,-0.1136 
0.6259999999999999,-0.1132 
0.6269999999999998,-0.1129 
0.6279999999999997,-0.1125 
0.629,-0.1121 
0.6299999999999999,-0.1118 
0.6309999999999998,-0.1114 
0.6319999999999997,-0.1111 
0.633,-0.1108 
0.6339999999999999,-0.1104 
0.6349999999999998,-0.11 
0.6359999999999997,-0.1097 
0.6369999999999996,-0.1094 
0.6379999999999999,-0.109 
0.6389999999999998,-0.1087 
0.6399999999999997,-0.1083 
0.6409999999999996,-0.1079 
0.6419999999999999,-0.1076 
0.6429999999999998,-0.1072 
0.6439999999999997,-0.1069 
0.6449999999999996,-0.1065 
0.6459999999999999,-0.1062 
0.6469999999999998,-0.1058 
0.6479999999999997,-0.1055 
0.6489999999999996,-0.1051 
0.6499999999999999,-0.1048 
0.6509999999999998,-0.1044 
0.6519999999999997,-0.1041 
0.6529999999999996,-0.1037 
0.6539999999999999,-0.1034 
0.6549999999999998,-0.103 
0.6559999999999997,-0.1027 
0.6569999999999996,-0.1023 
0.6579999999999999,-0.102 
0.6589999999999998,-0.1016 
0.6599999999999997,-0.1013 
0.6609999999999996,-0.101 
0.6619999999999999,-0.1006 
0.6629999999999998,-0.1003 
0.6639999999999997,-0.09988 
0.6649999999999996,-0.09952 
0.6659999999999999,-0.09921 
0.6669999999999998,-0.09886 
0.6679999999999997,-0.09853 
0.6689999999999996,-0.09814 
0.6699999999999999,-0.09781 
0.6709999999999998,-0.09749 
0.6719999999999997,-0.09714 
0.6729999999999996,-0.09675 
0.6739999999999999,-0.09641 
0.6749999999999998,-0.09604 
0.6759999999999997,-0.09573 
0.6769999999999996,-0.09537 
0.6779999999999999,-0.09506 
0.6789999999999998,-0.09467 
0.6799999999999997,-0.09436 
0.6809999999999996,-0.094 
0.6819999999999999,-0.09365 
0.6829999999999998,-0.09327 
0.6839999999999997,-0.09293 
0.6849999999999996,-0.09262 
0.6859999999999999,-0.09223 
0.6869999999999998,-0.09189 
0.6879999999999997,-0.09153 
0.6889999999999996,-0.0912 
0.69,-0.09088 
0.6909999999999998,-0.09049 
0.6919999999999997,-0.0902 
0.6929999999999996,-0.08982 
0.694,-0.08948 
0.6949999999999998,-0.08915 
0.6959999999999997,-0.0888 
0.6969999999999996,-0.08849 
0.698,-0.08811 
0.6989999999999998,-0.08777 
0.6999999999999997,-0.08744 
0.7009999999999996,-0.08706 
0.702,-0.08675 
0.7029999999999998,-0.08639 
0.7039999999999997,-0.08605 
0.7049999999999996,-0.08568 
0.706,-0.08536 
0.7069999999999999,-0.08503 
0.7079999999999997,-0.08467 
0.7089999999999996,-0.08436 
0.71,-0.084 
0.7109999999999999,-0.08369 
0.7119999999999997,-0.08332 
0.7129999999999996,-0.08297 
0.714,-0.08269 
0.7149999999999999,-0.0823 
0.7159999999999997,-0.08194 
0.7169999999999996,-0.08159 
0.718,-0.08125 
0.7189999999999999,-0.08095 
0.7199999999999998,-0.0806 
0.7209999999999996,-0.08028 
0.722,-0.0799 
0.7229999999999999,-0.07956 
0.7239999999999998,-0.07923 
0.7249999999999996,-0.07891 
0.726,-0.07858 
0.7269999999999999,-0.07819 
0.7279999999999998,-0.07785 
0.7289999999999996,-0.07752 
0.73,-0.07717 
0.7309999999999999,-0.07685 
0.7319999999999998,-0.07647 
0.7329999999999997,-0.0762 
0.734,-0.07582 
0.7349999999999999,-0.07546 
0.7359999999999998,-0.0751 
0.7369999999999997,-0.07477 
0.738,-0.07444 
0.7389999999999999,-0.07408 
0.7399999999999998,-0.07373 
0.7409999999999997,-0.07341 
0.742,-0.07307 
0.7429999999999999,-0.07275 
0.7439999999999998,-0.07239 
0.7449999999999997,-0.07208 
0.746,-0.07172 
0.7469999999999999,-0.07138 
0.7479999999999998,-0.07108 
0.7489999999999997,-0.07068 
0.75,-0.07039 
0.7509999999999999,-0.06999 
0.7519999999999998,-0.06968 
0.7529999999999997,-0.06937 
0.754,-0.06903 
0.7549999999999999,-0.06869 
0.7559999999999998,-0.06833 
0.7569999999999997,-0.06798 
0.758,-0.06764 
0.7589999999999999,-0.06732 
0.7599999999999998,-0.06699 
0.7609999999999997,-0.06663 
0.7619999999999996,-0.06633 
0.7629999999999999,-0.06599 
0.7639999999999998,-0.06564 
0.7649999999999997,-0.06525 
0.7659999999999996,-0.06493 
0.7669999999999999,-0.06464 
0.7679999999999998,-0.06427 
0.7689999999999997,-0.06391 
0.7699999999999996,-0.06358 
0.7709999999999999,-0.06323 
0.7719999999999998,-0.06294 
0.7729999999999997,-0.06258 
0.7739999999999996,-0.06226 
0.7749999999999999,-0.06188 
0.7759999999999998,-0.06156 
0.7769999999999997,-0.06125 
0.7779999999999996,-0.0609 
0.7789999999999999,-0.06058 
0.7799999999999998,-0.06021 
0.7809999999999997,-0.05989 
0.7819999999999996,-0.05956 
0.7829999999999999,-0.05924 
0.7839999999999998,-0.05889 
0.7849999999999997,-0.05854 
0.7859999999999996,-0.05822 
0.7869999999999999,-0.05786 
0.7879999999999998,-0.05754 
0.7889999999999997,-0.05719 
0.7899999999999996,-0.05685 
0.7909999999999999,-0.05656 
0.7919999999999998,-0.05621 
0.7929999999999997,-0.05587 
0.7939999999999996,-0.05554 
0.7949999999999999,-0.05518 
0.7959999999999998,-0.05489 
0.7969999999999997,-0.05449 
0.7979999999999996,-0.0542 
0.7989999999999999,-0.05384 
0.7999999999999998,-0.05349 
0.8009999999999997,-0.05318 
0.8019999999999996,-0.05281 
0.8029999999999999,-0.05252 
0.8039999999999998,-0.05216 
0.8049999999999997,-0.05182 
0.8059999999999996,-0.05148 
0.8069999999999999,-0.05117 
0.8079999999999998,-0.05084 
0.8089999999999997,-0.05049 
0.8099999999999996,-0.05015 
0.8109999999999999,-0.04984 
0.8119999999999998,-0.04951 
0.8129999999999997,-0.0492 
0.8139999999999996,-0.04884 
0.815,-0.04851 
0.8159999999999998,-0.04819 
0.8169999999999997,-0.04783 
0.8179999999999996,-0.0475 
0.819,-0.04718 
0.8199999999999998,-0.04689 
0.8209999999999997,-0.04649 
0.8219999999999996,-0.04617 
0.823,-0.04585 
0.8239999999999998,-0.0455 
0.8249999999999997,-0.04523 
0.8259999999999996,-0.04487 
0.827,-0.04459 
0.8279999999999998,-0.04422 
0.8289999999999997,-0.04387 
0.8299999999999996,-0.04354 
0.831,-0.04323 
0.8319999999999999,-0.04292 
0.8329999999999997,-0.04256 
0.8339999999999996,-0.04221 
0.835,-0.04189 
0.8359999999999999,-0.04157 
0.8369999999999997,-0.04124 
0.8379999999999996,-0.04091 
0.839,-0.04059 
0.8399999999999999,-0.04026 
0.8409999999999997,-0.03991 
0.8419999999999996,-0.03957 
0.843,-0.03926 
0.8439999999999999,-0.03894 
0.8449999999999998,-0.03861 
0.8459999999999996,-0.03827 
0.847,-0.03792 
0.8479999999999999,-0.03758 
0.8489999999999998,-0.0373 
0.8499999999999996,-0.03694 
0.851,-0.03667 
0.8519999999999999,-0.03629 
0.8529999999999998,-0.03597 
0.8539999999999996,-0.03563 
0.855,-0.03529 
0.8559999999999999,-0.03495 
0.8569999999999998,-0.0346 
0.8579999999999997,-0.03428 
0.859,-0.03397 
0.8599999999999999,-0.03365 
0.8609999999999998,-0.03334 
0.8619999999999997,-0.03298 
0.863,-0.03265 
0.8639999999999999,-0.03232 
0.8649999999999998,-0.03199 
0.8659999999999997,-0.03168 
0.867,-0.03132 
0.8679999999999999,-0.03103 
0.8689999999999998,-0.03067 
0.8699999999999997,-0.03035 
0.871,-0.03002 
0.8719999999999999,-0.02971 
0.8729999999999998,-0.02943 
0.8739999999999997,-0.02907 
0.875,-0.02873 
0.8759999999999999,-0.02838 
0.8769999999999998,-0.02806 
0.8779999999999997,-0.02776 
0.879,-0.02741 
0.8799999999999999,-0.02713 
0.8809999999999998,-0.02678 
0.8819999999999997,-0.02645 
0.883,-0.02615 
0.8839999999999999,-0.02578 
0.8849999999999998,-0.02548 
0.8859999999999997,-0.02509 
0.8869999999999996,-0.02478 
0.8879999999999999,-0.02447 
0.8889999999999998,-0.02414 
0.8899999999999997,-0.02382 
0.8909999999999996,-0.02349 
0.8919999999999999,-0.02315 
0.8929999999999998,-0.02283 
0.8939999999999997,-0.02252 
0.8949999999999996,-0.02215 
0.8959999999999999,-0.02185 
0.8969999999999998,-0.02155 
0.8979999999999997,-0.02121 
0.8989999999999996,-0.0209 
0.8999999999999999,-0.02057 
0.9009999999999998,-0.02025 
0.9019999999999997,-0.01995 
0.9029999999999996,-0.01962 
0.9039999999999999,-0.0193 
0.9049999999999998,-0.01895 
0.9059999999999997,-0.01861 
0.9069999999999996,-0.0183 
0.9079999999999999,-0.01796 
0.9089999999999998,-0.01769 
0.9099999999999997,-0.01732 
0.9109999999999996,-0.01702 
0.9119999999999999,-0.01669 
0.9129999999999998,-0.01636 
0.9139999999999997,-0.01604 
0.9149999999999996,-0.01568 
0.9159999999999999,-0.01537 
0.9169999999999998,-0.01504 
0.9179999999999997,-0.01472 
0.9189999999999996,-0.01441 
0.9199999999999999,-0.01408 
0.9209999999999998,-0.01375 
0.9219999999999997,-0.01344 
0.9229999999999996,-0.01313 
0.9239999999999999,-0.01279 
0.9249999999999998,-0.01247 
0.9259999999999997,-0.01217 
0.9269999999999996,-0.0118 
0.9279999999999999,-0.01151 
0.9289999999999998,-0.0112 
0.9299999999999997,-0.01087 
0.9309999999999996,-0.0106 
0.9319999999999999,-0.01025 
0.9329999999999998,-0.009923 
0.9339999999999997,-0.009575 
0.9349999999999996,-0.009265 
0.9359999999999999,-0.00892 
0.9369999999999998,-0.008606 
0.9379999999999997,-0.008308 
0.9389999999999996,-0.007964 
0.94,-0.007647 
0.9409999999999998,-0.007344 
0.9419999999999997,-0.007042 
0.9429999999999996,-0.006724 
0.944,-0.006397 
0.9449999999999998,-0.006103 
0.9459999999999997,-0.005775 
0.9469999999999996,-0.005447 
0.948,-0.005102 
0.9489999999999998,-0.004783 
0.9499999999999997,-0.004507 
0.9509999999999996,-0.004154 
0.952,-0.003849 
0.9529999999999998,-0.003513 
0.9539999999999997,-0.003196 
0.9549999999999996,-0.002914 
0.956,-0.002572 
0.9569999999999999,-0.002241 
0.9579999999999997,-0.001928 
0.9589999999999996,-0.001592 
0.96,-0.001327 
0.9609999999999999,-0.0009852 
0.9619999999999997,-0.0007044 
0.9629999999999996,-0.000341 
0.964,-3.013e-05 
0.9649999999999999,-0.2618 
0.9659999999999997,-0.2748 
0.9669999999999996,-0.2889 
0.968,-0.3009 
0.9689999999999999,-0.3113 
0.9699999999999998,-0.3207 
0.9709999999999996,-0.3293 
0.972,-0.3371 
0.9729999999999999,-0.3444 
0.9739999999999998,-0.3511 
0.9749999999999996,-0.3574 
0.976,-0.3634 
0.9769999999999999,-0.3693 
0.9779999999999998,-0.3748 
0.9789999999999996,-0.38 
0.98,-0.385 
0.9809999999999999,-0.3897 
0.9819999999999998,-0.3942 
0.9829999999999997,-0.3985 
0.984,-0.4027 
0.9849999999999999,-0.4067 
0.9859999999999998,-0.4105 
0.9869999999999997,-0.4142 
0.988,-0.4177 
0.9889999999999999,-0.4211 
0.9899999999999998,-0.4245 
0.9909999999999997,-0.4277 
0.992,-0.4309 
0.9929999999999999,-0.434 
0.9939999999999998,-0.4371 
0.9949999999999997,-0.4401 
0.996,-0.443 
0.9969999999999999,-0.446 
0.9979999999999998,-0.449 
0.9989999999999997,-0.4519 
1.0,-0.4547 
1.001,-0.4575 
1.0019999999999998,-0.4602 
1.0029999999999997,-0.4627 
1.004,-0.4651 
1.005,-0.4673 
1.0059999999999998,-0.4694 
1.0069999999999997,-0.4714 
1.008,-0.4734 
1.009,-0.4753 
1.0099999999999998,-0.4772 
1.0109999999999997,-0.4791 
1.0119999999999996,-0.4811 
1.013,-0.4831 
1.0139999999999998,-0.4851 
1.0149999999999997,-0.487 
1.0159999999999996,-0.489 
1.017,-0.4912 
1.0179999999999998,-0.4934 
1.0189999999999997,-0.4958 
1.0199999999999996,-0.4984 
1.021,-0.5008 
1.0219999999999998,-0.5028 
1.0229999999999997,-0.5049 
1.0239999999999996,-0.5072 
1.025,-0.5093 
1.0259999999999998,-0.5112 
1.0269999999999997,-0.5126 
1.0279999999999996,-0.5135 
1.029,-0.5143 
1.0299999999999998,-0.5154 
1.0309999999999997,-0.5169 
1.0319999999999996,-0.5184 
1.033,-0.5202 
1.0339999999999998,-0.5221 
1.0349999999999997,-0.5239 
1.0359999999999996,-0.5256 
1.037,-0.5271 
1.0379999999999998,-0.5285 
1.0389999999999997,-0.5298 
1.0399999999999996,-0.5311 
1.041,-0.5324 
1.0419999999999998,-0.5338 
1.0429999999999997,-0.5351 
1.0439999999999996,-0.5364 
1.045,-0.5377 
1.0459999999999998,-0.539 
1.0469999999999997,-0.5403 
1.0479999999999996,-0.5416 
1.049,-0.5429 
1.0499999999999998,-0.5443 
1.0509999999999997,-0.5456 
1.0519999999999996,-0.547 
1.053,-0.5483 
1.0539999999999998,-0.5496 
1.0549999999999997,-0.5509 
1.0559999999999996,-0.5522 
1.057,-0.5535 
1.0579999999999998,-0.5547 
1.0589999999999997,-0.5559 
1.0599999999999996,-0.5572 
1.061,-0.5584 
1.0619999999999998,-0.5596 
1.0629999999999997,-0.5607 
1.0639999999999996,-0.5618 
1.065,-0.5628 
1.0659999999999998,-0.5639 
1.0669999999999997,-0.5652 
1.0679999999999996,-0.5664 
1.069,-0.5677 
1.0699999999999998,-0.5689 
1.0709999999999997,-0.5699 
1.0719999999999996,-0.571 
1.073,-0.572 
1.0739999999999998,-0.5731 
1.0749999999999997,-0.5741 
1.0759999999999996,-0.5751 
1.077,-0.576 
1.0779999999999998,-0.577 
1.0789999999999997,-0.5779 
1.0799999999999996,-0.5787 
1.081,-0.5796 
1.0819999999999999,-0.5804 
1.0829999999999997,-0.5812 
1.0839999999999996,-0.582 
1.085,-0.5828 
1.0859999999999999,-0.5837 
1.0869999999999997,-0.5845 
1.0879999999999996,-0.5853 
1.089,-0.5862 
1.0899999999999999,-0.5871 
1.0909999999999997,-0.5879 
1.0919999999999996,-0.5888 
1.093,-0.5897 
1.0939999999999999,-0.5906 
1.0949999999999998,-0.5914 
1.0959999999999996,-0.5923 
1.097,-0.5932 
1.0979999999999999,-0.594 
1.0989999999999998,-0.5949 
1.0999999999999996,-0.5958 
1.101,-0.5967 
1.1019999999999999,-0.5975 
1.1029999999999998,-0.5984 
1.1039999999999996,-0.5992 
1.105,-0.6001 
1.1059999999999999,-0.601 
1.1069999999999998,-0.6018 
1.1079999999999997,-0.6027 
1.109,-0.6035 
1.1099999999999999,-0.6044 
1.1109999999999998,-0.6052 
1.1119999999999997,-0.6061 
1.113,-0.6069 
1.1139999999999999,-0.6077 
1.1149999999999998,-0.6086 
1.1159999999999997,-0.6094 
1.117,-0.6102 
1.1179999999999999,-0.611 
1.1189999999999998,-0.6119 
1.1199999999999997,-0.6127 
1.121,-0.6135 
1.1219999999999999,-0.6143 
1.1229999999999998,-0.6151 
1.1239999999999997,-0.6159 
1.125,-0.6167 
1.126,-0.6175 
1.1269999999999998,-0.6183 
1.1279999999999997,-0.6191 
1.129,-0.6199 
1.13,-0.6206 
1.1309999999999998,-0.6214 
1.1319999999999997,-0.6223 
1.133,-0.623 
1.134,-0.6238 
1.1349999999999998,-0.6246 
1.1359999999999997,-0.6253 
1.1369999999999996,-0.6261 
1.138,-0.6268 
1.1389999999999998,-0.6276 
1.1399999999999997,-0.6283 
1.1409999999999996,-0.6291 
1.142,-0.6299 
1.1429999999999998,-0.6306 
1.1439999999999997,-0.6314 
1.1449999999999996,-0.6321 
1.146,-0.6328 
1.1469999999999998,-0.6335 
1.1479999999999997,-0.6343 
1.1489999999999996,-0.635 
1.15,-0.6357 
1.1509999999999998,-0.6364 
1.1519999999999997,-0.6372 
1.1529999999999996,-0.6379 
1.154,-0.6386 
1.1549999999999998,-0.6393 
1.1559999999999997,-0.64 
1.1569999999999996,-0.6407 
1.158,-0.6414 
1.1589999999999998,-0.6421 
1.1599999999999997,-0.6428 
1.1609999999999996,-0.6436 
1.162,-0.6443 
1.1629999999999998,-0.645 
1.1639999999999997,-0.6457 
1.1649999999999996,-0.6463 
1.166,-0.647 
1.1669999999999998,-0.6477 
1.1679999999999997,-0.6484 
1.1689999999999996,-0.6491 
1.17,-0.6498 
1.1709999999999998,-0.6505 
1.1719999999999997,-0.6511 
1.1729999999999996,-0.6518 
1.174,-0.6525 
1.1749999999999998,-0.6531 
1.1759999999999997,-0.6538 
1.1769999999999996,-0.6545 
1.178,-0.6552 
1.1789999999999998,-0.6558 
1.1799999999999997,-0.6565 
1.1809999999999996,-0.6571 
1.182,-0.6578 
1.1829999999999998,-0.6584 
1.1839999999999997,-0.6591 
1.1849999999999996,-0.6598 
1.186,-0.6604 
1.1869999999999998,-0.661 
1.1879999999999997,-0.6617 
1.1889999999999996,-0.6623 
1.19,-0.663 
1.1909999999999998,-0.6636 
1.1919999999999997,-0.6643 
1.1929999999999996,-0.6649 
1.194,-0.6655 
1.1949999999999998,-0.6662 
1.1959999999999997,-0.6668 
1.1969999999999996,-0.6675 
1.198,-0.6681 
1.1989999999999998,-0.6687 
1.1999999999999997,-0.6693 
1.2009999999999996,-0.67 
1.202,-0.6706 
1.2029999999999998,-0.6712 
1.2039999999999997,-0.6718 
1.2049999999999996,-0.6724 
1.206,-0.673 
1.2069999999999999,-0.6736 
1.2079999999999997,-0.6742 
1.2089999999999996,-0.6749 
1.21,-0.6755 
1.2109999999999999,-0.6761 
1.2119999999999997,-0.6767 
1.2129999999999996,-0.6773 
1.214,-0.6779 
1.2149999999999999,-0.6785 
1.2159999999999997,-0.6791 
1.2169999999999996,-0.6797 
1.218,-0.6803 
1.2189999999999999,-0.6809 
1.2199999999999998,-0.6815 
1.2209999999999996,-0.6822 
1.222,-0.6827 
1.2229999999999999,-0.6833 
1.2239999999999998,-0.6839 
1.2249999999999996,-0.6845 
1.226,-0.6851 
1.2269999999999999,-0.6857 
1.2279999999999998,-0.6863 
1.2289999999999996,-0.6868 
1.23,-0.6874 
1.2309999999999999,-0.688 
1.2319999999999998,-0.6886 
1.2329999999999997,-0.6892 
1.234,-0.6897 
1.2349999999999999,-0.6903 
1.2359999999999998,-0.6909 
1.2369999999999997,-0.6915 
1.238,-0.6921 
1.2389999999999999,-0.6926 
1.2399999999999998,-0.6932 
1.2409999999999997,-0.6938 
1.242,-0.6944 
1.2429999999999999,-0.695 
1.2439999999999998,-0.6955 
1.2449999999999997,-0.6961 
1.246,-0.6966 
1.2469999999999999,-0.6972 
1.2479999999999998,-0.6978 
1.2489999999999997,-0.6983 
1.25,-0.6989 
1.251,-0.6994 
1.2519999999999998,-0.7 
1.2529999999999997,-0.7006 
1.254,-0.7011 
1.255,-0.7017 
1.2559999999999998,-0.7022 
1.2569999999999997,-0.7028 
1.258,-0.7034 
1.259,-0.7039 
1.2599999999999998,-0.7045 
1.2609999999999997,-0.705 
1.2619999999999996,-0.7056 
1.263,-0.7061 
1.2639999999999998,-0.7067 
1.2649999999999997,-0.7072 
1.2659999999999996,-0.7077 
1.267,-0.7084 
1.2679999999999998,-0.7088 
1.2689999999999997,-0.7094 
1.2699999999999996,-0.7099 
1.271,-0.7105 
1.2719999999999998,-0.711 
1.2729999999999997,-0.7115 
1.2739999999999996,-0.7121 
1.275,-0.7126 
1.2759999999999998,-0.7131 
1.2769999999999997,-0.7137 
1.2779999999999996,-0.7142 
1.279,-0.7148 
1.2799999999999998,-0.7153 
1.2809999999999997,-0.7158 
1.2819999999999996,-0.7163 
1.283,-0.7169 
1.2839999999999998,-0.7174 
1.2849999999999997,-0.7179 
1.2859999999999996,-0.7185 
1.287,-0.719 
1.2879999999999998,-0.7195 
1.2889999999999997,-0.7201 
1.2899999999999996,-0.7206 
1.291,-0.7212 
1.2919999999999998,-0.7217 
1.2929999999999997,-0.7222 
1.2939999999999996,-0.7227 
1.295,-0.7233 
1.2959999999999998,-0.7238 
1.2969999999999997,-0.7243 
1.2979999999999996,-0.7248 
1.299,-0.7253 
1.2999999999999998,-0.7259 
1.3009999999999997,-0.7263 
1.3019999999999996,-0.7269 
1.303,-0.7274 
1.3039999999999998,-0.7279 
1.3049999999999997,-0.7284 
1.3059999999999996,-0.7289 
1.307,-0.7294 
1.3079999999999998,-0.73 
1.3089999999999997,-0.7305 
1.3099999999999996,-0.731 
1.311,-0.7315 
1.3119999999999998,-0.7321 
1.3129999999999997,-0.7326 
1.3139999999999996,-0.7331 
1.315,-0.7336 
1.3159999999999998,-0.734 
1.3169999999999997,-0.7346 
1.3179999999999996,-0.7351 
1.319,-0.7356 
1.3199999999999998,-0.7361 
1.3209999999999997,-0.7366 
1.3219999999999996,-0.7371 
1.323,-0.7376 
1.3239999999999998,-0.7381 
1.3249999999999997,-0.7386 
1.3259999999999996,-0.7391 
1.327,-0.7396 
1.3279999999999998,-0.7401 
1.3289999999999997,-0.7406 
1.3299999999999996,-0.7411 
1.331,-0.7416 
1.3319999999999999,-0.7422 
1.3329999999999997,-0.7426 
1.3339999999999996,-0.7431 
1.335,-0.7436 
1.3359999999999999,-0.7441 
1.3369999999999997,-0.7446 
1.3379999999999996,-0.7451 
1.339,-0.7456 
1.3399999999999999,-0.7461 
1.3409999999999997,-0.7466 
1.3419999999999996,-0.7471 
1.343,-0.7476 
1.3439999999999999,-0.7481 
1.3449999999999998,-0.7486 
1.3459999999999996,-0.7491 
1.347,-0.7496 
1.3479999999999999,-0.75 
1.3489999999999998,-0.7506 
1.3499999999999996,-0.751 
1.351,-0.7515 
1.3519999999999999,-0.752 
1.3529999999999998,-0.7525 
1.3539999999999996,-0.753 
1.355,-0.7534 
1.3559999999999999,-0.754 
1.3569999999999998,-0.7544 
1.3579999999999997,-0.7549 
1.359,-0.7554 
1.3599999999999999,-0.7559 
1.3609999999999998,-0.7564 
1.3619999999999997,-0.7568 
1.363,-0.7573 
1.3639999999999999,-0.7578 
1.3649999999999998,-0.7583 
1.3659999999999997,-0.7588 
1.367,-0.7593 
1.3679999999999999,-0.7598 
1.3689999999999998,-0.7602 
1.3699999999999997,-0.7607 
1.371,-0.7612 
1.3719999999999999,-0.7617 
1.3729999999999998,-0.7622 
1.3739999999999997,-0.7627 
1.375,-0.7632 
1.376,-0.7636 
1.3769999999999998,-0.7641 
1.3779999999999997,-0.7646 
1.379,-0.765 
1.38,-0.7656 
1.3809999999999998,-0.766 
1.3819999999999997,-0.7665 
1.383,-0.767 
1.384,-0.7674 
1.3849999999999998,-0.7679 
1.3859999999999997,-0.7684 
1.3869999999999996,-0.7689 
1.388,-0.7693 
1.3889999999999998,-0.7698 
1.3899999999999997,-0.7703 
1.3909999999999996,-0.7707 
1.392,-0.7712 
1.3929999999999998,-0.7717 
1.3939999999999997,-0.7722 
1.3949999999999996,-0.7726 
1.396,-0.7731 
1.3969999999999998,-0.7736 
1.3979999999999997,-0.7741 
1.3989999999999996,-0.7745 
1.4,-0.775 
1.4009999999999998,-0.7754 
1.4019999999999997,-0.776 
1.4029999999999996,-0.7764 
1.404,-0.7769 
1.4049999999999998,-0.7773 
1.4059999999999997,-0.7778 
1.4069999999999996,-0.7783 
1.408,-0.7787 
1.4089999999999998,-0.7792 
1.4099999999999997,-0.7797 
1.4109999999999996,-0.7801 
1.412,-0.7806 
1.4129999999999998,-0.7811 
1.4139999999999997,-0.7816 
1.4149999999999996,-0.782 
1.416,-0.7825 
1.4169999999999998,-0.7829 
1.4179999999999997,-0.7834 
1.4189999999999996,-0.7838 
1.42,-0.7843 
1.4209999999999998,-0.7848 
1.4219999999999997,-0.7852 
1.4229999999999996,-0.7857 
1.424,-0.7861 
1.4249999999999998,-0.7866 
1.4259999999999997,-0.7871 
1.4269999999999996,-0.7875 
1.428,-0.788 
1.4289999999999998,-0.7885 
1.4299999999999997,-0.7889 
1.4309999999999996,-0.7894 
1.432,-0.7898 
1.4329999999999998,-0.7903 
1.4339999999999997,-0.7907 
1.4349999999999996,-0.7912 
1.436,-0.7916 
1.4369999999999998,-0.7921 
1.4379999999999997,-0.7926 
1.4389999999999996,-0.793 
1.44,-0.7934 
1.4409999999999998,-0.7939 
1.4419999999999997,-0.7944 
1.4429999999999996,-0.7948 
1.444,-0.7953 
1.4449999999999998,-0.7958 
1.4459999999999997,-0.7962 
1.4469999999999996,-0.7967 
1.448,-0.7971 
1.4489999999999998,-0.7976 
1.4499999999999997,-0.7981 
1.4509999999999996,-0.7985 
1.452,-0.799 
1.4529999999999998,-0.7994 
1.4539999999999997,-0.7998 
1.4549999999999996,-0.8003 
1.456,-0.8008 
1.4569999999999999,-0.8012 
1.4579999999999997,-0.8017 
1.4589999999999996,-0.8021 
1.46,-0.8026 
1.4609999999999999,-0.803 
1.4619999999999997,-0.8035 
1.4629999999999996,-0.8039 
1.464,-0.8044 
1.4649999999999999,-0.8048 
1.4659999999999997,-0.8053 
1.4669999999999996,-0.8057 
1.468,-0.8062 
1.4689999999999999,-0.8067 
1.4699999999999998,-0.8071 
1.4709999999999996,-0.8075 
1.472,-0.808 
1.4729999999999999,-0.8084 
1.4739999999999998,-0.8089 
1.4749999999999996,-0.8094 
1.476,-0.8098 
1.4769999999999999,-0.8102 
1.4779999999999998,-0.8107 
1.4789999999999996,-0.8112 
1.48,-0.8116 
1.4809999999999999,-0.8121 
1.4819999999999998,-0.8125 
1.4829999999999997,-0.813 
1.484,-0.8134 
1.4849999999999999,-0.8138 
1.4859999999999998,-0.8143 
1.4869999999999997,-0.8147 
1.488,-0.8152 
1.4889999999999999,-0.8156 
1.4899999999999998,-0.8161 
1.4909999999999997,-0.8165 
1.492,-0.817 
1.4929999999999999,-0.8174 
1.4939999999999998,-0.8178 
1.4949999999999997,-0.8183 
1.496,-0.8187 
1.4969999999999999,-0.8192 
1.4979999999999998,-0.8197 
1.4989999999999997,-0.8201 
1.5,-0.8205 
1.501,-0.821 
1.5019999999999998,-0.8214 
1.5029999999999997,-0.8219 
1.504,-0.8223 
1.505,-0.8227 
1.5059999999999998,-0.8232 
1.5069999999999997,-0.8236 
1.508,-0.8241 
1.509,-0.8245 
1.5099999999999998,-0.825 
1.5109999999999997,-0.8254 
1.5119999999999996,-0.8259 
1.513,-0.8263 
1.5139999999999998,-0.8267 
1.5149999999999997,-0.8272 
1.5159999999999996,-0.8276 
1.517,-0.8281 
1.5179999999999998,-0.8285 
1.5189999999999997,-0.8289 
1.5199999999999996,-0.8293 
1.521,-0.8298 
1.5219999999999998,-0.8302 
1.5229999999999997,-0.8307 
1.5239999999999996,-0.8311 
1.525,-0.8316 
1.5259999999999998,-0.832 
1.5269999999999997,-0.8324 
1.5279999999999996,-0.8329 
1.529,-0.8333 
1.5299999999999998,-0.8337 
1.5309999999999997,-0.8342 
1.5319999999999996,-0.8347 
1.533,-0.8351 
1.5339999999999998,-0.8355 
1.5349999999999997,-0.8359 
1.5359999999999996,-0.8364 
1.537,-0.8369 
1.5379999999999998,-0.8373 
1.5389999999999997,-0.8377 
1.5399999999999996,-0.8381 
1.541,-0.8386 
1.5419999999999998,-0.839 
1.5429999999999997,-0.8395 
1.5439999999999996,-0.8399 
1.545,-0.8403 
1.5459999999999998,-0.8408 
1.5469999999999997,-0.8412 
1.5479999999999996,-0.8417 
1.549,-0.8421 
1.5499999999999998,-0.8425 
1.5509999999999997,-0.843 
1.5519999999999996,-0.8434 
1.553,-0.8438 
1.5539999999999998,-0.8443 
1.5549999999999997,-0.8447 
1.5559999999999996,-0.8452 
1.557,-0.8456 
1.5579999999999998,-0.846 
1.5589999999999997,-0.8465 
1.5599999999999996,-0.8469 
1.561,-0.8473 
1.5619999999999998,-0.8478 
1.5629999999999997,-0.8482 
1.5639999999999996,-0.8487 
1.565,-0.8491 
1.5659999999999998,-0.8495 
1.5669999999999997,-0.85 
1.5679999999999996,-0.8504 
1.569,-0.8508 
1.5699999999999998,-0.8513 
1.5709999999999997,-0.8517 
1.5719999999999996,-0.8522 
1.573,-0.8526 
1.5739999999999998,-0.853 
1.5749999999999997,-0.8535 
1.5759999999999996,-0.8539 
1.577,-0.8543 
1.5779999999999998,-0.8547 
1.5789999999999997,-0.8552 
1.5799999999999996,-0.8557 
1.581,-0.856 
1.5819999999999999,-0.8564 
1.5829999999999997,-0.8569 
1.5839999999999996,-0.8574 
1.585,-0.8578 
1.5859999999999999,-0.8582 
1.5869999999999997,-0.8587 
1.5879999999999996,-0.8591 
1.589,-0.8595 
1.5899999999999999,-0.86 
1.5909999999999997,-0.8604 
1.5919999999999996,-0.8609 
1.593,-0.8613 
1.5939999999999999,-0.8617 
1.5949999999999998,-0.8621 
1.5959999999999996,-0.8626 
1.597,-0.863 
1.5979999999999999,-0.8634 
1.5989999999999998,-0.8639 
1.5999999999999996,-0.8643 
1.601,-0.8647 
1.6019999999999999,-0.8651 
1.6029999999999998,-0.8656 
1.6039999999999996,-0.8661 
1.605,-0.8664 
1.6059999999999999,-0.8669 
1.6069999999999998,-0.8673 
1.6079999999999997,-0.8677 
1.609,-0.8681 
1.6099999999999999,-0.8686 
1.6109999999999998,-0.869 
1.6119999999999997,-0.8694 
1.613,-0.8699 
1.6139999999999999,-0.8703 
1.6149999999999998,-0.8707 
1.6159999999999997,-0.8712 
1.617,-0.8716 
1.6179999999999999,-0.872 
1.6189999999999998,-0.8725 
1.6199999999999997,-0.8728 
1.621,-0.8733 
1.6219999999999999,-0.8737 
1.6229999999999998,-0.8742 
1.6239999999999997,-0.8746 
1.625,-0.875 
1.626,-0.8754 
1.6269999999999998,-0.8758 
1.6279999999999997,-0.8763 
1.629,-0.8767 
1.63,-0.8771 
1.6309999999999998,-0.8776 
1.6319999999999997,-0.878 
1.633,-0.8785 
1.634,-0.8789 
1.6349999999999998,-0.8794 
1.6359999999999997,-0.8797 
1.6369999999999996,-0.8802 
1.638,-0.8806 
1.6389999999999998,-0.881 
1.6399999999999997,-0.8815 
1.6409999999999996,-0.8819 
1.642,-0.8823 
1.6429999999999998,-0.8827 
1.6439999999999997,-0.8832 
1.6449999999999996,-0.8836 
1.646,-0.884 
1.6469999999999998,-0.8844 
1.6479999999999997,-0.8849 
1.6489999999999996,-0.8853 
1.65,-0.8857 
1.6509999999999998,-0.8861 
1.6519999999999997,-0.8866 
1.6529999999999996,-0.887 
1.654,-0.8874 
1.6549999999999998,-0.8879 
1.6559999999999997,-0.8883 
1.6569999999999996,-0.8888 
1.658,-0.8892 
1.6589999999999998,-0.8896 
1.6599999999999997,-0.89 
1.6609999999999996,-0.8905 
1.662,-0.8909 
1.6629999999999998,-0.8913 
1.6639999999999997,-0.8918 
1.6649999999999996,-0.8921 
1.666,-0.8925 
1.6669999999999998,-0.893 
1.6679999999999997,-0.8934 
1.6689999999999996,-0.8939 
1.67,-0.8943 
1.6709999999999998,-0.8947 
1.6719999999999997,-0.8951 
1.6729999999999996,-0.8956 
1.674,-0.896 
1.6749999999999998,-0.8964 
1.6759999999999997,-0.8969 
1.6769999999999996,-0.8973 
1.678,-0.8977 
1.6789999999999998,-0.8981 
1.6799999999999997,-0.8986 
1.6809999999999996,-0.899 
1.682,-0.8994 
1.6829999999999998,-0.8998 
1.6839999999999997,-0.9003 
1.6849999999999996,-0.9007 
1.686,-0.9012 
1.6869999999999998,-0.9015 
1.6879999999999997,-0.902 
1.6889999999999996,-0.9024 
1.69,-0.9028 
1.6909999999999998,-0.9033 
1.6919999999999997,-0.9037 
1.6929999999999996,-0.9041 
1.694,-0.9045 
1.6949999999999998,-0.9049 
1.6959999999999997,-0.9053 
1.6969999999999996,-0.9058 
1.698,-0.9062 
1.6989999999999998,-0.9066 
1.6999999999999997,-0.907 
1.7009999999999996,-0.9075 
1.702,-0.9079 
1.7029999999999998,-0.9083 
1.7039999999999997,-0.9087 
1.7049999999999996,-0.9092 
1.706,-0.9096 
1.7069999999999999,-0.91 
1.7079999999999997,-0.9104 
1.7089999999999996,-0.9108 
1.71,-0.9113 
1.7109999999999999,-0.9117 
1.7119999999999997,-0.9121 
1.7129999999999996,-0.9125 
1.714,-0.9129 
1.7149999999999999,-0.9134 
1.7159999999999997,-0.9138 
1.7169999999999996,-0.9142 
1.718,-0.9146 
1.7189999999999999,-0.9151 
1.7199999999999998,-0.9155 
1.7209999999999996,-0.9159 
1.722,-0.9164 
1.7229999999999999,-0.9168 
1.7239999999999998,-0.9172 
1.7249999999999996,-0.9177 
1.726,-0.9181 
1.7269999999999999,-0.9185 
1.7279999999999998,-0.9189 
1.7289999999999996,-0.9194 
1.73,-0.9198 
1.7309999999999999,-0.9202 
1.7319999999999998,-0.9206 
1.7329999999999997,-0.921 
1.734,-0.9215 
1.7349999999999999,-0.9219 
1.7359999999999998,-0.9223 
1.7369999999999997,-0.9227 
1.738,-0.9231 
1.7389999999999999,-0.9236 
1.7399999999999998,-0.924 
1.7409999999999997,-0.9244 
1.742,-0.9248 
1.7429999999999999,-0.9253 
1.7439999999999998,-0.9257 
1.7449999999999997,-0.9261 
1.746,-0.9266 
1.7469999999999999,-0.927 
1.7479999999999998,-0.9274 
1.7489999999999997,-0.9278 
1.75,-0.9282 
1.751,-0.9287 
1.7519999999999998,-0.9291 
1.7529999999999997,-0.9295 
1.754,-0.9299 
1.755,-0.9303 
1.7559999999999998,-0.9308 
1.7569999999999997,-0.9312 
1.758,-0.9316 
1.759,-0.932 
1.7599999999999998,-0.9325 
1.7610000000000001,-0.9329 
1.7619999999999996,-0.9333 
1.763,-0.9338 
1.7639999999999993,-0.9341 
1.7649999999999997,-0.9346 
1.766,-0.935 
1.7669999999999995,-0.9354 
1.7679999999999998,-0.9358 
1.7690000000000001,-0.9362 
1.7699999999999996,-0.9367 
1.771,-0.9371 
1.7719999999999994,-0.9375 
1.7729999999999997,-0.9379 
1.774,-0.9384 
1.7749999999999995,-0.9388 
1.7759999999999998,-0.9392 
1.7770000000000001,-0.9396 
1.7779999999999996,-0.94 
1.779,-0.9405 
1.7799999999999994,-0.9409 
1.7809999999999997,-0.9413 
1.782,-0.9418 
1.7829999999999995,-0.9422 
1.7839999999999998,-0.9426 
1.7850000000000001,-0.943 
1.7859999999999996,-0.9434 
1.787,-0.9438 
1.7879999999999994,-0.9442 
1.7889999999999997,-0.9447 
1.79,-0.9451 
1.7909999999999995,-0.9455 
1.7919999999999998,-0.9459 
1.7930000000000001,-0.9463 
1.7939999999999996,-0.9468 
1.795,-0.9471 
1.7959999999999994,-0.9476 
1.7969999999999997,-0.948 
1.798,-0.9484 
1.7989999999999995,-0.9489 
1.7999999999999998,-0.9493 
1.8010000000000002,-0.9497 
1.8019999999999996,-0.9501 
1.803,-0.9505 
1.8039999999999994,-0.9509 
1.8049999999999997,-0.9514 
1.806,-0.9518 
1.8069999999999995,-0.9522 
1.8079999999999998,-0.9526 
1.8090000000000002,-0.953 
1.8099999999999996,-0.9534 
1.811,-0.9539 
1.8119999999999994,-0.9543 
1.8129999999999997,-0.9547 
1.814,-0.9551 
1.8149999999999995,-0.9555 
1.8159999999999998,-0.956 
1.8170000000000002,-0.9564 
1.8179999999999996,-0.9569 
1.819,-0.9572 
1.8199999999999994,-0.9576 
1.8209999999999997,-0.9581 
1.822,-0.9585 
1.8229999999999995,-0.9589 
1.8239999999999998,-0.9593 
1.8250000000000002,-0.9597 
1.8259999999999996,-0.9602 
1.827,-0.9606 
1.8279999999999994,-0.961 
1.8289999999999997,-0.9614 
1.83,-0.9618 
1.8309999999999995,-0.9622 
1.8319999999999999,-0.9627 
1.8330000000000002,-0.9631 
1.8339999999999996,-0.9635 
1.835,-0.9639 
1.8359999999999994,-0.9643 
1.8369999999999997,-0.9647 
1.838,-0.9652 
1.8389999999999995,-0.9656 
1.8399999999999999,-0.966 
1.8410000000000002,-0.9664 
1.8419999999999996,-0.9669 
1.843,-0.9672 
1.8439999999999994,-0.9677 
1.8449999999999998,-0.9681 
1.846,-0.9685 
1.8469999999999995,-0.9689 
1.8479999999999999,-0.9693 
1.8490000000000002,-0.9698 
1.8499999999999996,-0.9702 
1.851,-0.9706 
1.8519999999999994,-0.971 
1.8529999999999998,-0.9714 
1.854,-0.9719 
1.8549999999999995,-0.9722 
1.8559999999999999,-0.9726 
1.8570000000000002,-0.9731 
1.8579999999999997,-0.9735 
1.859,-0.974 
1.8599999999999994,-0.9744 
1.8609999999999998,-0.9748 
1.862,-0.9752 
1.8629999999999995,-0.9756 
1.8639999999999999,-0.9761 
1.8650000000000002,-0.9764 
1.8659999999999997,-0.9769 
1.867,-0.9773 
1.8679999999999994,-0.9777 
1.8689999999999998,-0.9781 
1.87,-0.9785 
1.8709999999999996,-0.979 
1.8719999999999999,-0.9793 
1.8730000000000002,-0.9798 
1.8739999999999997,-0.9802 
1.875,-0.9806 
1.8759999999999994,-0.981 
1.8769999999999998,-0.9814 
1.8780000000000001,-0.9819 
1.8789999999999996,-0.9823 
1.88,-0.9827 
1.8810000000000002,-0.9831 
1.8819999999999997,-0.9835 
1.883,-0.9839 
1.8839999999999995,-0.9843 
1.8849999999999998,-0.9847 
1.8860000000000001,-0.9851 
1.8869999999999996,-0.9855 
1.888,-0.986 
1.8889999999999993,-0.9864 
1.8899999999999997,-0.9868 
1.891,-0.9872 
1.8919999999999995,-0.9876 
1.8929999999999998,-0.9881 
1.8940000000000001,-0.9884 
1.8949999999999996,-0.9888 
1.896,-0.9893 
1.8969999999999994,-0.9897 
1.8979999999999997,-0.9901 
1.899,-0.9905 
1.8999999999999995,-0.9909 
1.9009999999999998,-0.9913 
1.9020000000000001,-0.9917 
1.9029999999999996,-0.9922 
1.904,-0.9926 
1.9049999999999994,-0.993 
1.9059999999999997,-0.9934 
1.907,-0.9938 
1.9079999999999995,-0.9942 
1.9089999999999998,-0.9946 
1.9100000000000001,-0.9951 
1.9109999999999996,-0.9955 
1.912,-0.9959 
1.9129999999999994,-0.9963 
1.9139999999999997,-0.9967 
1.915,-0.9971 
1.9159999999999995,-0.9975 
1.9169999999999998,-0.998 
1.9180000000000001,-0.9984 
1.9189999999999996,-0.9988 
1.92,-0.9992 
1.9209999999999994,-0.9996 
