cp100.txt
0.0,-0.7332 
0.001000000000000334,-0.733 
0.002000000000000224,-0.7327 
0.0030000000000001137,-0.7324 
0.0040000000000000036,-0.7319 
0.0050000000000003375,-0.7316 
0.006000000000000227,-0.7311 
0.007000000000000117,-0.7306 
0.008000000000000007,-0.7302 
0.009000000000000341,-0.7297 
0.010000000000000231,-0.7293 
0.01100000000000012,-0.7288 
0.01200000000000001,-0.7283 
0.013000000000000345,-0.7278 
0.014000000000000234,-0.7273 
0.015000000000000124,-0.7268 
0.016000000000000014,-0.7263 
0.017000000000000348,-0.7258 
0.018000000000000238,-0.7252 
0.019000000000000128,-0.7247 
0.020000000000000018,-0.7242 
0.02100000000000035,-0.7237 
0.02200000000000024,-0.7232 
0.02300000000000013,-0.7226 
0.02400000000000002,-0.7221 
0.025000000000000355,-0.7215 
0.026000000000000245,-0.721 
0.027000000000000135,-0.7205 
0.028000000000000025,-0.7199 
0.02900000000000036,-0.7194 
0.03000000000000025,-0.7189 
0.03100000000000014,-0.7183 
0.03200000000000003,-0.7178 
0.03300000000000036,-0.7173 
0.03400000000000025,-0.7167 
0.03500000000000014,-0.7162 
0.03600000000000003,-0.7157 
0.037000000000000366,-0.7151 
0.038000000000000256,-0.7146 
0.039000000000000146,-0.714 
0.040000000000000036,-0.7135 
0.04100000000000037,-0.713 
0.04200000000000026,-0.7124 
0.04300000000000015,-0.7119 
0.04400000000000004,-0.7114 
0.04500000000000037,-0.7108 
0.04600000000000026,-0.7103 
0.04700000000000015,-0.7098 
0.04800000000000004,-0.7092 
0.04900000000000038,-0.7087 
0.050000000000000266,-0.7081 
0.051000000000000156,-0.7076 
0.052000000000000046,-0.707 
0.05300000000000038,-0.7065 
0.05400000000000027,-0.706 
0.05500000000000016,-0.7055 
0.05600000000000005,-0.7049 
0.057000000000000384,-0.7044 
0.058000000000000274,-0.7038 
0.05900000000000016,-0.7033 
0.06000000000000005,-0.7027 
0.06100000000000039,-0.7022 
0.06200000000000028,-0.7017 
0.06300000000000017,-0.7011 
0.06400000000000006,-0.7006 
0.06500000000000039,-0.7 
0.06600000000000028,-0.6995 
0.06700000000000017,-0.6989 
0.06800000000000006,-0.6983 
0.0690000000000004,-0.6978 
0.07000000000000028,-0.6973 
0.07100000000000017,-0.6967 
0.07200000000000006,-0.6962 
0.0730000000000004,-0.6957 
0.07400000000000029,-0.6951 
0.07500000000000018,-0.6946 
0.07600000000000007,-0.694 
0.0770000000000004,-0.6935 
0.07800000000000029,-0.6929 
0.07900000000000018,-0.6924 
0.08000000000000007,-0.6918 
0.0810000000000004,-0.6913 
0.0820000000000003,-0.6907 
0.08300000000000018,-0.6903 
0.08400000000000007,-0.6897 
0.08499999999999996,-0.6891 
0.0860000000000003,-0.6886 
0.08700000000000019,-0.688 
0.08800000000000008,-0.6875 
0.08899999999999997,-0.6869 
0.0900000000000003,-0.6864 
0.09100000000000019,-0.6859 
0.09200000000000008,-0.6853 
0.09299999999999997,-0.6848 
0.0940000000000003,-0.6842 
0.0950000000000002,-0.6837 
0.09600000000000009,-0.6831 
0.09699999999999998,-0.6826 
0.09800000000000031,-0.6821 
0.0990000000000002,-0.6815 
0.10000000000000009,-0.6809 
0.10099999999999998,-0.6804 
0.10200000000000031,-0.6799 
0.1030000000000002,-0.6793 
0.10400000000000009,-0.6788 
0.10499999999999998,-0.6782 
0.10600000000000032,-0.6776 
0.1070000000000002,-0.6771 
0.1080000000000001,-0.6766 
0.10899999999999999,-0.6761 
0.11000000000000032,-0.6755 
0.11100000000000021,-0.6749 
0.1120000000000001,-0.6744 
0.11299999999999999,-0.6739 
0.11400000000000032,-0.6733 
0.11500000000000021,-0.6727 
0.1160000000000001,-0.6722 
0.11699999999999999,-0.6717 
0.11800000000000033,-0.6712 
0.11900000000000022,-0.6706 
0.1200000000000001,-0.6701 
0.121,-0.6696 
0.12200000000000033,-0.669 
0.12300000000000022,-0.6685 
0.12400000000000011,-0.6679 
0.125,-0.6673 
0.12600000000000033,-0.6668 
0.12700000000000022,-0.6662 
0.1280000000000001,-0.6657 
0.129,-0.6652 
0.13000000000000034,-0.6646 
0.13100000000000023,-0.6641 
0.13200000000000012,-0.6635 
0.133,-0.663 
0.13400000000000034,-0.6624 
0.13500000000000023,-0.6619 
0.13600000000000012,-0.6613 
0.137,-0.6608 
0.13800000000000034,-0.6602 
0.13900000000000023,-0.6597 
0.14000000000000012,-0.6592 
0.14100000000000001,-0.6586 
0.14200000000000035,-0.6581 
0.14300000000000024,-0.6575 
0.14400000000000013,-0.657 
0.14500000000000002,-0.6564 
0.14600000000000035,-0.6559 
0.14700000000000024,-0.6553 
0.14800000000000013,-0.6548 
0.14900000000000002,-0.6542 
0.15000000000000036,-0.6537 
0.15100000000000025,-0.6531 
0.15200000000000014,-0.6526 
0.15300000000000002,-0.652 
0.15400000000000036,-0.6515 
0.15500000000000025,-0.6509 
0.15600000000000014,-0.6504 
0.15700000000000003,-0.6498 
0.15800000000000036,-0.6493 
0.15900000000000025,-0.6487 
0.16000000000000014,-0.6482 
0.16100000000000003,-0.6477 
0.16200000000000037,-0.6471 
0.16300000000000026,-0.6465 
0.16400000000000015,-0.646 
0.16500000000000004,-0.6454 
0.16600000000000037,-0.6449 
0.16700000000000026,-0.6444 
0.16800000000000015,-0.6438 
0.16900000000000004,-0.6432 
0.17000000000000037,-0.6427 
0.17100000000000026,-0.6421 
0.17200000000000015,-0.6416 
0.17300000000000004,-0.6411 
0.17400000000000038,-0.6405 
0.17500000000000027,-0.64 
0.17600000000000016,-0.6394 
0.17700000000000005,-0.6388 
0.17800000000000038,-0.6383 
0.17900000000000027,-0.6378 
0.18000000000000016,-0.6372 
0.18100000000000005,-0.6367 
0.18200000000000038,-0.6361 
0.18300000000000027,-0.6355 
0.18400000000000016,-0.635 
0.18500000000000005,-0.6345 
0.1860000000000004,-0.6339 
0.18700000000000028,-0.6334 
0.18800000000000017,-0.6328 
0.18900000000000006,-0.6323 
0.1900000000000004,-0.6317 
0.19100000000000028,-0.6312 
0.19200000000000017,-0.6307 
0.19300000000000006,-0.6301 
0.1940000000000004,-0.6296 
0.19500000000000028,-0.629 
0.19600000000000017,-0.6284 
0.19700000000000006,-0.6279 
0.1980000000000004,-0.6274 
0.1990000000000003,-0.6268 
0.20000000000000018,-0.6262 
0.20100000000000007,-0.6257 
0.2020000000000004,-0.6251 
0.2030000000000003,-0.6246 
0.20400000000000018,-0.624 
0.20500000000000007,-0.6234 
0.2060000000000004,-0.6229 
0.2070000000000003,-0.6224 
0.20800000000000018,-0.6218 
0.20900000000000007,-0.6212 
0.20999999999999996,-0.6207 
0.2110000000000003,-0.6201 
0.2120000000000002,-0.6196 
0.21300000000000008,-0.6191 
0.21399999999999997,-0.6185 
0.2150000000000003,-0.6179 
0.2160000000000002,-0.6174 
0.21700000000000008,-0.6168 
0.21799999999999997,-0.6163 
0.2190000000000003,-0.6157 
0.2200000000000002,-0.6152 
0.22100000000000009,-0.6146 
0.22199999999999998,-0.6141 
0.2230000000000003,-0.6135 
0.2240000000000002,-0.6129 
0.2250000000000001,-0.6124 
0.22599999999999998,-0.6118 
0.2270000000000003,-0.6113 
0.2280000000000002,-0.6107 
0.2290000000000001,-0.6102 
0.22999999999999998,-0.6096 
0.23100000000000032,-0.6091 
0.2320000000000002,-0.6085 
0.2330000000000001,-0.608 
0.23399999999999999,-0.6074 
0.23500000000000032,-0.6069 
0.2360000000000002,-0.6063 
0.2370000000000001,-0.6057 
0.238,-0.6052 
0.23900000000000032,-0.6047 
0.2400000000000002,-0.6041 
0.2410000000000001,-0.6035 
0.242,-0.6029 
0.24300000000000033,-0.6024 
0.24400000000000022,-0.6018 
0.2450000000000001,-0.6013 
0.246,-0.6007 
0.24700000000000033,-0.6002 
0.24800000000000022,-0.5996 
0.2490000000000001,-0.5991 
0.25,-0.5985 
0.25100000000000033,-0.5979 
0.2520000000000002,-0.5974 
0.2530000000000001,-0.5969 
0.254,-0.5963 
0.25500000000000034,-0.5957 
0.2560000000000002,-0.5952 
0.2570000000000001,-0.5946 
0.258,-0.5941 
0.25900000000000034,-0.5935 
0.26000000000000023,-0.593 
0.2610000000000001,-0.5924 
0.262,-0.5918 
0.26300000000000034,-0.5913 
0.26400000000000023,-0.5908 
0.2650000000000001,-0.5902 
0.266,-0.5896 
0.26700000000000035,-0.5891 
0.26800000000000024,-0.5885 
0.26900000000000013,-0.588 
0.27,-0.5874 
0.27100000000000035,-0.5868 
0.27200000000000024,-0.5863 
0.27300000000000013,-0.5857 
0.274,-0.5852 
0.27500000000000036,-0.5846 
0.27600000000000025,-0.584 
0.27700000000000014,-0.5835 
0.278,-0.5829 
0.27900000000000036,-0.5824 
0.28000000000000025,-0.5818 
0.28100000000000014,-0.5812 
0.28200000000000003,-0.5807 
0.28300000000000036,-0.5801 
0.28400000000000025,-0.5795 
0.28500000000000014,-0.579 
0.28600000000000003,-0.5785 
0.28700000000000037,-0.5779 
0.28800000000000026,-0.5773 
0.28900000000000015,-0.5767 
0.29000000000000004,-0.5762 
0.29100000000000037,-0.5756 
0.29200000000000026,-0.5751 
0.29300000000000015,-0.5745 
0.29400000000000004,-0.574 
0.2950000000000004,-0.5734 
0.29600000000000026,-0.5728 
0.29700000000000015,-0.5722 
0.29800000000000004,-0.5717 
0.2990000000000004,-0.5711 
0.30000000000000027,-0.5706 
0.30100000000000016,-0.57 
0.30200000000000005,-0.5694 
0.3030000000000004,-0.5689 
0.30400000000000027,-0.5683 
0.30500000000000016,-0.5678 
0.30600000000000005,-0.5672 
0.3070000000000004,-0.5667 
0.3080000000000003,-0.5661 
0.30900000000000016,-0.5655 
0.31000000000000005,-0.5649 
0.3110000000000004,-0.5644 
0.3120000000000003,-0.5638 
0.31300000000000017,-0.5632 
0.31400000000000006,-0.5627 
0.3150000000000004,-0.5621 
0.3160000000000003,-0.5615 
0.31700000000000017,-0.5609 
0.31800000000000006,-0.5604 
0.3190000000000004,-0.5599 
0.3200000000000003,-0.5593 
0.3210000000000002,-0.5587 
0.32200000000000006,-0.5581 
0.3230000000000004,-0.5576 
0.3240000000000003,-0.5571 
0.3250000000000002,-0.5565 
0.32600000000000007,-0.5559 
0.3270000000000004,-0.5553 
0.3280000000000003,-0.5548 
0.3290000000000002,-0.5542 
0.33000000000000007,-0.5537 
0.3310000000000004,-0.5531 
0.3320000000000003,-0.5525 
0.3330000000000002,-0.552 
0.3340000000000001,-0.5514 
0.33499999999999996,-0.5508 
0.3360000000000003,-0.5502 
0.3370000000000002,-0.5497 
0.3380000000000001,-0.5492 
0.33899999999999997,-0.5486 
0.3400000000000003,-0.548 
0.3410000000000002,-0.5474 
0.3420000000000001,-0.5469 
0.34299999999999997,-0.5463 
0.3440000000000003,-0.5457 
0.3450000000000002,-0.5452 
0.3460000000000001,-0.5446 
0.347,-0.544 
0.3480000000000003,-0.5434 
0.3490000000000002,-0.5428 
0.3500000000000001,-0.5423 
0.351,-0.5417 
0.3520000000000003,-0.5412 
0.3530000000000002,-0.5406 
0.3540000000000001,-0.54 
0.355,-0.5394 
0.3560000000000003,-0.5389 
0.3570000000000002,-0.5383 
0.3580000000000001,-0.5378 
0.359,-0.5372 
0.3600000000000003,-0.5366 
0.3610000000000002,-0.536 
0.3620000000000001,-0.5355 
0.363,-0.5349 
0.3640000000000003,-0.5343 
0.3650000000000002,-0.5337 
0.3660000000000001,-0.5332 
0.367,-0.5326 
0.3680000000000003,-0.532 
0.3690000000000002,-0.5314 
0.3700000000000001,-0.5309 
0.371,-0.5303 
0.37200000000000033,-0.5297 
0.3730000000000002,-0.5292 
0.3740000000000001,-0.5286 
0.375,-0.528 
0.37600000000000033,-0.5274 
0.3770000000000002,-0.5269 
0.3780000000000001,-0.5263 
0.379,-0.5257 
0.38000000000000034,-0.5252 
0.3810000000000002,-0.5246 
0.3820000000000001,-0.524 
0.383,-0.5234 
0.38400000000000034,-0.5228 
0.38500000000000023,-0.5223 
0.3860000000000001,-0.5217 
0.387,-0.5211 
0.38800000000000034,-0.5205 
0.38900000000000023,-0.52 
0.3900000000000001,-0.5194 
0.391,-0.5188 
0.39200000000000035,-0.5183 
0.39300000000000024,-0.5177 
0.39400000000000013,-0.5171 
0.395,-0.5165 
0.39600000000000035,-0.5159 
0.39700000000000024,-0.5154 
0.39800000000000013,-0.5148 
0.399,-0.5143 
0.40000000000000036,-0.5137 
0.40100000000000025,-0.5131 
0.40200000000000014,-0.5125 
0.403,-0.5119 
0.40400000000000036,-0.5114 
0.40500000000000025,-0.5108 
0.40600000000000014,-0.5102 
0.40700000000000003,-0.5096 
0.40800000000000036,-0.509 
0.40900000000000025,-0.5085 
0.41000000000000014,-0.5079 
0.41100000000000003,-0.5073 
0.41200000000000037,-0.5067 
0.41300000000000026,-0.5061 
0.41400000000000015,-0.5056 
0.41500000000000004,-0.505 
0.41600000000000037,-0.5044 
0.41700000000000026,-0.5038 
0.41800000000000015,-0.5033 
0.41900000000000004,-0.5026 
0.4200000000000004,-0.5021 
0.42100000000000026,-0.5015 
0.42200000000000015,-0.5009 
0.42300000000000004,-0.5004 
0.4240000000000004,-0.4998 
0.42500000000000027,-0.4992 
0.42600000000000016,-0.4986 
0.42700000000000005,-0.498 
0.4280000000000004,-0.4974 
0.42900000000000027,-0.4968 
0.43000000000000016,-0.4963 
0.43100000000000005,-0.4957 
0.4320000000000004,-0.4952 
0.4330000000000003,-0.4945 
0.43400000000000016,-0.4939 
0.43500000000000005,-0.4934 
0.4360000000000004,-0.4928 
0.4370000000000003,-0.4922 
0.43800000000000017,-0.4916 
0.43900000000000006,-0.491 
0.4400000000000004,-0.4905 
0.4410000000000003,-0.4899 
0.44200000000000017,-0.4893 
0.44300000000000006,-0.4887 
0.4440000000000004,-0.4881 
0.4450000000000003,-0.4875 
0.4460000000000002,-0.4869 
0.44700000000000006,-0.4864 
0.4480000000000004,-0.4858 
0.4490000000000003,-0.4852 
0.4500000000000002,-0.4846 
0.45100000000000007,-0.484 
0.4520000000000004,-0.4834 
0.4530000000000003,-0.4828 
0.4540000000000002,-0.4822 
0.45500000000000007,-0.4816 
0.4560000000000004,-0.4811 
0.4570000000000003,-0.4805 
0.4580000000000002,-0.4799 
0.4590000000000001,-0.4793 
0.45999999999999996,-0.4787 
0.4610000000000003,-0.4781 
0.4620000000000002,-0.4775 
0.4630000000000001,-0.477 
0.46399999999999997,-0.4764 
0.4650000000000003,-0.4758 
0.4660000000000002,-0.4752 
0.4670000000000001,-0.4746 
0.46799999999999997,-0.474 
0.4690000000000003,-0.4734 
0.4700000000000002,-0.4729 
0.4710000000000001,-0.4723 
0.472,-0.4717 
0.4730000000000003,-0.4711 
0.4740000000000002,-0.4705 
0.4750000000000001,-0.4699 
0.476,-0.4693 
0.4770000000000003,-0.4687 
0.4780000000000002,-0.4682 
0.4790000000000001,-0.4676 
0.48,-0.467 
0.4810000000000003,-0.4664 
0.4820000000000002,-0.4658 
0.4830000000000001,-0.4652 
0.484,-0.4646 
0.4850000000000003,-0.464 
0.4860000000000002,-0.4634 
0.4870000000000001,-0.4628 
0.488,-0.4622 
0.4890000000000003,-0.4616 
0.4900000000000002,-0.461 
0.4910000000000001,-0.4605 
0.492,-0.4598 
0.4930000000000003,-0.4593 
0.4940000000000002,-0.4586 
0.4950000000000001,-0.4581 
0.496,-0.4575 
0.49700000000000033,-0.4569 
0.4980000000000002,-0.4563 
0.4990000000000001,-0.4557 
0.5,-0.4551 
0.5010000000000003,-0.4545 
0.5020000000000002,-0.4539 
0.5030000000000001,-0.4533 
0.504,-0.4527 
0.5050000000000003,-0.4521 
0.5060000000000002,-0.4515 
0.5070000000000001,-0.4509 
0.508,-0.4503 
0.5090000000000003,-0.4497 
0.5100000000000002,-0.4492 
0.5110000000000001,-0.4485 
0.512,-0.4479 
0.5130000000000003,-0.4473 
0.5140000000000002,-0.4467 
0.5150000000000001,-0.4461 
0.516,-0.4455 
0.5170000000000003,-0.445 
0.5180000000000002,-0.4443 
0.5190000000000001,-0.4437 
0.52,-0.4431 
0.5210000000000004,-0.4425 
0.5220000000000002,-0.442 
0.5230000000000001,-0.4413 
0.524,-0.4408 
0.5250000000000004,-0.4402 
0.5260000000000002,-0.4395 
0.5270000000000001,-0.4389 
0.528,-0.4383 
0.5290000000000004,-0.4378 
0.5300000000000002,-0.4371 
0.5310000000000001,-0.4366 
0.532,-0.436 
0.5330000000000004,-0.4354 
0.5340000000000003,-0.4347 
0.5350000000000001,-0.4342 
0.536,-0.4336 
0.5370000000000004,-0.433 
0.5380000000000003,-0.4324 
0.5390000000000001,-0.4318 
0.54,-0.4312 
0.5410000000000004,-0.4306 
0.5420000000000003,-0.43 
0.5430000000000001,-0.4294 
0.544,-0.4287 
0.5450000000000004,-0.4282 
0.5460000000000003,-0.4275 
0.5470000000000002,-0.4269 
0.548,-0.4263 
0.5490000000000004,-0.4257 
0.5500000000000003,-0.4251 
0.5510000000000002,-0.4245 
0.552,-0.4239 
0.5530000000000004,-0.4233 
0.5540000000000003,-0.4227 
0.5550000000000002,-0.4221 
0.556,-0.4215 
0.5570000000000004,-0.4209 
0.5580000000000003,-0.4202 
0.5590000000000002,-0.4197 
0.56,-0.4191 
0.5610000000000004,-0.4185 
0.5620000000000003,-0.4179 
0.5630000000000002,-0.4172 
0.5640000000000001,-0.4166 
0.5650000000000004,-0.416 
0.5660000000000003,-0.4154 
0.5670000000000002,-0.4148 
0.5680000000000001,-0.4142 
0.5690000000000004,-0.4136 
0.5700000000000003,-0.4129 
0.5710000000000002,-0.4124 
0.5720000000000001,-0.4118 
0.5730000000000004,-0.4111 
0.5740000000000003,-0.4105 
0.5750000000000002,-0.4099 
0.5760000000000001,-0.4093 
0.5770000000000004,-0.4087 
0.5780000000000003,-0.4081 
0.5790000000000002,-0.4075 
0.5800000000000001,-0.4069 
0.5810000000000004,-0.4062 
0.5820000000000003,-0.4056 
0.5830000000000002,-0.405 
0.5840000000000001,-0.4044 
0.585,-0.4038 
0.5860000000000003,-0.4031 
0.5870000000000002,-0.4025 
0.5880000000000001,-0.402 
0.589,-0.4014 
0.5900000000000003,-0.4007 
0.5910000000000002,-0.4001 
0.5920000000000001,-0.3995 
0.593,-0.3989 
0.5940000000000003,-0.3983 
0.5950000000000002,-0.3977 
0.5960000000000001,-0.3971 
0.597,-0.3965 
0.5980000000000003,-0.3958 
0.5990000000000002,-0.3952 
0.6000000000000001,-0.3946 
0.601,-0.394 
0.6020000000000003,-0.3934 
0.6030000000000002,-0.3928 
0.6040000000000001,-0.3922 
0.605,-0.3915 
0.6060000000000003,-0.3909 
0.6070000000000002,-0.3903 
0.6080000000000001,-0.3897 
0.609,-0.3891 
0.6100000000000003,-0.3884 
0.6110000000000002,-0.3878 
0.6120000000000001,-0.3872 
0.613,-0.3865 
0.6140000000000003,-0.3859 
0.6150000000000002,-0.3853 
0.6160000000000001,-0.3847 
0.617,-0.3841 
0.6180000000000003,-0.3835 
0.6190000000000002,-0.3829 
0.6200000000000001,-0.3822 
0.621,-0.3816 
0.6220000000000003,-0.381 
0.6230000000000002,-0.3804 
0.6240000000000001,-0.3798 
0.625,-0.3791 
0.6260000000000003,-0.3785 
0.6270000000000002,-0.3779 
0.6280000000000001,-0.3773 
0.629,-0.3766 
0.6300000000000003,-0.376 
0.6310000000000002,-0.3754 
0.6320000000000001,-0.3748 
0.633,-0.3741 
0.6340000000000003,-0.3735 
0.6350000000000002,-0.3729 
0.6360000000000001,-0.3723 
0.637,-0.3717 
0.6380000000000003,-0.371 
0.6390000000000002,-0.3704 
0.6400000000000001,-0.3698 
0.641,-0.3692 
0.6420000000000003,-0.3685 
0.6430000000000002,-0.3679 
0.6440000000000001,-0.3673 
0.645,-0.3666 
0.6460000000000004,-0.366 
0.6470000000000002,-0.3654 
0.6480000000000001,-0.3647 
0.649,-0.3642 
0.6500000000000004,-0.3635 
0.6510000000000002,-0.3629 
0.6520000000000001,-0.3623 
0.653,-0.3616 
0.6540000000000004,-0.3611 
0.6550000000000002,-0.3604 
0.6560000000000001,-0.3598 
0.657,-0.3591 
0.6580000000000004,-0.3585 
0.6590000000000003,-0.3579 
0.6600000000000001,-0.3573 
0.661,-0.3567 
0.6620000000000004,-0.356 
0.6630000000000003,-0.3554 
0.6640000000000001,-0.3548 
0.665,-0.3541 
0.6660000000000004,-0.3535 
0.6670000000000003,-0.3529 
0.6680000000000001,-0.3523 
0.669,-0.3516 
0.6700000000000004,-0.351 
0.6710000000000003,-0.3503 
0.6720000000000002,-0.3497 
0.673,-0.3491 
0.6740000000000004,-0.3484 
0.6750000000000003,-0.3478 
0.6760000000000002,-0.3472 
0.677,-0.3466 
0.6780000000000004,-0.3459 
0.6790000000000003,-0.3453 
0.6800000000000002,-0.3446 
0.681,-0.344 
0.6820000000000004,-0.3434 
0.6830000000000003,-0.3428 
0.6840000000000002,-0.3422 
0.685,-0.3415 
0.6860000000000004,-0.3409 
0.6870000000000003,-0.3402 
0.6880000000000002,-0.3396 
0.6890000000000001,-0.339 
0.6900000000000004,-0.3383 
0.6910000000000003,-0.3377 
0.6920000000000002,-0.337 
0.6930000000000001,-0.3364 
0.6940000000000004,-0.3358 
0.6950000000000003,-0.3351 
0.6960000000000002,-0.3345 
0.6970000000000001,-0.3339 
0.6980000000000004,-0.3333 
0.6990000000000003,-0.3326 
0.7000000000000002,-0.332 
0.7010000000000001,-0.3314 
0.7020000000000004,-0.3307 
0.7030000000000003,-0.3301 
0.7040000000000002,-0.3294 
0.7050000000000001,-0.3288 
0.7060000000000004,-0.3281 
0.7070000000000003,-0.3275 
0.7080000000000002,-0.3269 
0.7090000000000001,-0.3262 
0.71,-0.3256 
0.7110000000000003,-0.325 
0.7120000000000002,-0.3243 
0.7130000000000001,-0.3237 
0.714,-0.323 
0.7150000000000003,-0.3224 
0.7160000000000002,-0.3217 
0.7170000000000001,-0.3211 
0.718,-0.3205 
0.7190000000000003,-0.3198 
0.7200000000000002,-0.3192 
0.7210000000000001,-0.3186 
0.722,-0.3179 
0.7230000000000003,-0.3173 
0.7240000000000002,-0.3166 
0.7250000000000001,-0.316 
0.726,-0.3154 
0.7270000000000003,-0.3147 
0.7280000000000002,-0.3141 
0.7290000000000001,-0.3135 
0.73,-0.3128 
0.7310000000000003,-0.3121 
0.7320000000000002,-0.3115 
0.7330000000000001,-0.3109 
0.734,-0.3102 
0.7350000000000003,-0.3096 
0.7360000000000002,-0.3089 
0.7370000000000001,-0.3082 
0.738,-0.3076 
0.7390000000000003,-0.307 
0.7400000000000002,-0.3063 
0.7410000000000001,-0.3057 
0.742,-0.305 
0.7430000000000003,-0.3044 
0.7440000000000002,-0.3037 
0.7450000000000001,-0.3031 
0.746,-0.3024 
0.7470000000000003,-0.3018 
0.7480000000000002,-0.3012 
0.7490000000000001,-0.3005 
0.75,-0.2999 
0.7510000000000003,-0.2992 
0.7520000000000002,-0.2985 
0.7530000000000001,-0.2979 
0.754,-0.2972 
0.7550000000000003,-0.2966 
0.7560000000000002,-0.2959 
0.7570000000000001,-0.2953 
0.758,-0.2946 
0.7590000000000003,-0.294 
0.7600000000000002,-0.2934 
0.7610000000000001,-0.2927 
0.762,-0.292 
0.7630000000000003,-0.2914 
0.7640000000000002,-0.2907 
0.7650000000000001,-0.2901 
0.766,-0.2894 
0.7670000000000003,-0.2888 
0.7680000000000002,-0.2881 
0.7690000000000001,-0.2875 
0.77,-0.2868 
0.7710000000000004,-0.2861 
0.7720000000000002,-0.2854 
0.7730000000000001,-0.2848 
0.774,-0.2842 
0.7750000000000004,-0.2835 
0.7760000000000002,-0.2828 
0.7770000000000001,-0.2822 
0.778,-0.2815 
0.7790000000000004,-0.2809 
0.7800000000000002,-0.2802 
0.7810000000000001,-0.2796 
0.782,-0.2789 
0.7830000000000004,-0.2783 
0.7840000000000003,-0.2776 
0.7850000000000001,-0.277 
0.786,-0.2763 
0.7870000000000004,-0.2756 
0.7880000000000003,-0.275 
0.7890000000000001,-0.2743 
0.79,-0.2737 
0.7910000000000004,-0.273 
0.7920000000000003,-0.2724 
0.7930000000000001,-0.2717 
0.794,-0.271 
0.7950000000000004,-0.2704 
0.7960000000000003,-0.2697 
0.7970000000000002,-0.269 
0.798,-0.2683 
0.7990000000000004,-0.2677 
0.8000000000000003,-0.2671 
0.8010000000000002,-0.2664 
0.802,-0.2658 
0.8030000000000004,-0.2651 
0.8040000000000003,-0.2644 
0.8050000000000002,-0.2638 
0.806,-0.2631 
0.8070000000000004,-0.2624 
0.8080000000000003,-0.2617 
0.8090000000000002,-0.2611 
0.81,-0.2604 
0.8110000000000004,-0.2598 
0.8120000000000003,-0.2591 
0.8130000000000002,-0.2584 
0.8140000000000001,-0.2578 
0.8150000000000004,-0.2571 
0.8160000000000003,-0.2564 
0.8170000000000002,-0.2557 
0.8180000000000001,-0.2551 
0.8190000000000004,-0.2544 
0.8200000000000003,-0.2538 
0.8210000000000002,-0.2531 
0.8220000000000001,-0.2524 
0.8230000000000004,-0.2518 
0.8240000000000003,-0.2511 
0.8250000000000002,-0.2504 
0.8260000000000001,-0.2497 
0.8270000000000004,-0.2491 
0.8280000000000003,-0.2484 
0.8290000000000002,-0.2477 
0.8300000000000001,-0.247 
0.8310000000000004,-0.2464 
0.8320000000000003,-0.2457 
0.8330000000000002,-0.2451 
0.8340000000000001,-0.2444 
0.835,-0.2437 
0.8360000000000003,-0.243 
0.8370000000000002,-0.2423 
0.8380000000000001,-0.2417 
0.839,-0.2411 
0.8400000000000003,-0.2404 
0.8410000000000002,-0.2397 
0.8420000000000001,-0.2391 
0.843,-0.2384 
0.8440000000000003,-0.2377 
0.8450000000000002,-0.237 
0.8460000000000001,-0.2363 
0.847,-0.2357 
0.8480000000000003,-0.235 
0.8490000000000002,-0.2344 
0.8500000000000001,-0.2336 
0.851,-0.233 
0.8520000000000003,-0.2324 
0.8530000000000002,-0.2316 
0.8540000000000001,-0.231 
0.855,-0.2303 
0.8560000000000003,-0.2296 
0.8570000000000002,-0.2289 
0.8580000000000001,-0.2282 
0.859,-0.2276 
0.8600000000000003,-0.2269 
0.8610000000000002,-0.2263 
0.8620000000000001,-0.2256 
0.863,-0.2249 
0.8640000000000003,-0.2242 
0.8650000000000002,-0.2235 
0.8660000000000001,-0.2229 
0.867,-0.2222 
0.8680000000000003,-0.2215 
0.8690000000000002,-0.2208 
0.8700000000000001,-0.2201 
0.871,-0.2194 
0.8720000000000003,-0.2188 
0.8730000000000002,-0.2181 
0.8740000000000001,-0.2174 
0.875,-0.2167 
0.8760000000000003,-0.216 
0.8770000000000002,-0.2153 
0.8780000000000001,-0.2147 
0.879,-0.214 
0.8800000000000003,-0.2133 
0.8810000000000002,-0.2126 
0.8820000000000001,-0.212 
0.883,-0.2112 
0.8840000000000003,-0.2106 
0.8850000000000002,-0.2099 
0.8860000000000001,-0.2092 
0.887,-0.2085 
0.8880000000000003,-0.2078 
0.8890000000000002,-0.2072 
0.8900000000000001,-0.2065 
0.891,-0.2058 
0.8920000000000003,-0.2051 
0.8930000000000002,-0.2044 
0.8940000000000001,-0.2038 
0.895,-0.2031 
0.8960000000000004,-0.2024 
0.8970000000000002,-0.2017 
0.8980000000000001,-0.201 
0.899,-0.2004 
0.9000000000000004,-0.1997 
0.9010000000000002,-0.199 
0.9020000000000001,-0.1983 
0.903,-0.1976 
0.9040000000000004,-0.1969 
0.9050000000000002,-0.1962 
0.9060000000000001,-0.1956 
0.907,-0.1948 
0.9080000000000004,-0.1942 
0.9090000000000003,-0.1935 
0.9100000000000001,-0.1928 
0.911,-0.1921 
0.9120000000000004,-0.1914 
0.9130000000000003,-0.1907 
0.9140000000000001,-0.19 
0.915,-0.1893 
0.9160000000000004,-0.1886 
0.9170000000000003,-0.1879 
0.9180000000000001,-0.1873 
0.919,-0.1866 
0.9200000000000004,-0.1859 
0.9210000000000003,-0.1852 
0.9220000000000002,-0.1845 
0.923,-0.1838 
0.9240000000000004,-0.1831 
0.9250000000000003,-0.1824 
0.9260000000000002,-0.1817 
0.927,-0.1811 
0.9280000000000004,-0.1804 
0.9290000000000003,-0.1796 
0.9300000000000002,-0.1789 
0.931,-0.1782 
0.9320000000000004,-0.1776 
0.9330000000000003,-0.1769 
0.9340000000000002,-0.1763 
0.935,-0.1755 
0.9360000000000004,-0.1748 
0.9370000000000003,-0.1741 
0.9380000000000002,-0.1734 
0.9390000000000001,-0.1728 
0.9400000000000004,-0.172 
0.9410000000000003,-0.1714 
0.9420000000000002,-0.1706 
0.9430000000000001,-0.1699 
0.9440000000000004,-0.1692 
0.9450000000000003,-0.1685 
0.9460000000000002,-0.1679 
0.9470000000000001,-0.1671 
0.9480000000000004,-0.1665 
0.9490000000000003,-0.1658 
0.9500000000000002,-0.1651 
0.9510000000000001,-0.1644 
0.9520000000000004,-0.1637 
0.9530000000000003,-0.163 
0.9540000000000002,-0.1623 
0.9550000000000001,-0.1616 
0.9560000000000004,-0.1609 
0.9570000000000003,-0.1602 
0.9580000000000002,-0.1595 
0.9590000000000001,-0.1588 
0.96,-0.1581 
0.9610000000000003,-0.1574 
0.9620000000000002,-0.1567 
0.9630000000000001,-0.156 
0.964,-0.1553 
0.9650000000000003,-0.1547 
0.9660000000000002,-0.1539 
0.9670000000000001,-0.1532 
0.968,-0.1525 
0.9690000000000003,-0.1518 
0.9700000000000002,-0.1511 
0.9710000000000001,-0.1504 
0.972,-0.1497 
0.9730000000000003,-0.149 
0.9740000000000002,-0.1483 
0.9750000000000001,-0.1476 
0.976,-0.1469 
0.9770000000000003,-0.1462 
0.9780000000000002,-0.1455 
0.9790000000000001,-0.1448 
0.98,-0.1441 
0.9810000000000003,-0.1434 
0.9820000000000002,-0.1427 
0.9830000000000001,-0.142 
0.984,-0.1413 
0.9850000000000003,-0.1406 
0.9860000000000002,-0.1399 
0.9870000000000001,-0.1391 
0.988,-0.1384 
0.9890000000000003,-0.1378 
0.9900000000000002,-0.137 
0.9910000000000001,-0.1363 
0.992,-0.1356 
0.9930000000000003,-0.135 
0.9940000000000002,-0.1342 
0.9950000000000001,-0.1335 
0.996,-0.1328 
0.9970000000000003,-0.1321 
0.9980000000000002,-0.1314 
0.9990000000000001,-0.1307 
1.0,-0.13 
1.0010000000000003,-0.1293 
1.0020000000000002,-0.1286 
1.0030000000000001,-0.1279 
1.004,-0.1271 
1.0050000000000003,-0.1264 
1.0060000000000002,-0.1257 
1.0070000000000001,-0.125 
1.008,-0.1243 
1.0090000000000003,-0.1236 
1.0100000000000002,-0.1229 
1.0110000000000001,-0.1222 
1.012,-0.1215 
1.0130000000000003,-0.1208 
1.0140000000000002,-0.1201 
1.0150000000000001,-0.1194 
1.016,-0.1186 
1.0170000000000003,-0.118 
1.0180000000000002,-0.1173 
1.0190000000000001,-0.1166 
1.02,-0.1158 
1.0210000000000004,-0.1151 
1.0220000000000002,-0.1144 
1.0230000000000001,-0.1137 
1.024,-0.113 
1.0250000000000004,-0.1123 
1.0260000000000002,-0.1116 
1.0270000000000001,-0.1108 
1.028,-0.1102 
1.0290000000000004,-0.1094 
1.0300000000000002,-0.1087 
1.0310000000000001,-0.1081 
1.032,-0.1073 
1.0330000000000004,-0.1066 
1.0340000000000003,-0.1059 
1.0350000000000001,-0.1052 
1.036,-0.1045 
1.0370000000000004,-0.1037 
1.0380000000000003,-0.103 
1.0390000000000001,-0.1023 
1.04,-0.1016 
1.0410000000000004,-0.1009 
1.0420000000000003,-0.1002 
1.0430000000000001,-0.09944 
1.044,-0.09873 
1.0450000000000004,-0.09805 
1.0460000000000003,-0.09731 
1.0470000000000002,-0.09664 
1.048,-0.09587 
1.0490000000000004,-0.09518 
1.0500000000000003,-0.09448 
1.0510000000000002,-0.09372 
1.052,-0.09302 
1.0530000000000004,-0.09228 
1.0540000000000003,-0.0916 
1.0550000000000002,-0.09087 
1.056,-0.09016 
1.0570000000000004,-0.08941 
1.0580000000000003,-0.08872 
1.0590000000000002,-0.08804 
1.06,-0.0873 
1.0610000000000004,-0.0866 
1.0620000000000003,-0.08587 
1.0630000000000002,-0.08515 
1.064,-0.08443 
1.0650000000000004,-0.08375 
1.0660000000000003,-0.08303 
1.0670000000000002,-0.08229 
1.068,-0.08159 
1.0690000000000004,-0.08087 
1.0700000000000003,-0.08015 
1.0710000000000002,-0.07946 
1.072,-0.07874 
1.0730000000000004,-0.07804 
1.0740000000000003,-0.07731 
1.0750000000000002,-0.07658 
1.076,-0.07587 
1.0770000000000004,-0.07516 
1.0780000000000003,-0.07447 
1.0790000000000002,-0.07372 
1.08,-0.07301 
1.0810000000000004,-0.07227 
1.0820000000000003,-0.07154 
1.0830000000000002,-0.07086 
1.084,-0.07013 
1.085,-0.06944 
1.0860000000000003,-0.06868 
1.0870000000000002,-0.06798 
1.088,-0.06726 
1.089,-0.0665 
1.0900000000000003,-0.06581 
1.0910000000000002,-0.06508 
1.092,-0.0644 
1.093,-0.06363 
1.0940000000000003,-0.06297 
1.0950000000000002,-0.0622 
1.096,-0.06148 
1.097,-0.0608 
1.0980000000000003,-0.06006 
1.0990000000000002,-0.05937 
1.1,-0.05862 
1.101,-0.05792 
1.1020000000000003,-0.0572 
1.1030000000000002,-0.05648 
1.104,-0.05575 
1.105,-0.05503 
1.1060000000000003,-0.05433 
1.1070000000000002,-0.05355 
1.108,-0.05285 
1.109,-0.05213 
1.1100000000000003,-0.05139 
1.1110000000000002,-0.05072 
1.112,-0.04996 
1.113,-0.0493 
1.1140000000000003,-0.04853 
1.1150000000000002,-0.04783 
1.116,-0.0471 
1.117,-0.04638 
1.1180000000000003,-0.04568 
1.1190000000000002,-0.04498 
1.12,-0.04432 
1.121,-0.04355 
1.1220000000000003,-0.04284 
1.1230000000000002,-0.04209 
1.124,-0.04138 
1.125,-0.04069 
1.1260000000000003,-0.03996 
1.1270000000000002,-0.03926 
1.1280000000000001,-0.03852 
1.129,-0.03779 
1.1300000000000003,-0.03706 
1.1310000000000002,-0.03635 
1.1320000000000001,-0.03566 
1.133,-0.03489 
1.1340000000000003,-0.03417 
1.1350000000000002,-0.03346 
1.1360000000000001,-0.03273 
1.137,-0.032 
1.1380000000000003,-0.03127 
1.1390000000000002,-0.03061 
1.1400000000000001,-0.02991 
1.141,-0.02919 
1.1420000000000003,-0.02842 
1.1430000000000002,-0.02773 
1.1440000000000001,-0.02703 
1.145,-0.02628 
1.1460000000000004,-0.02557 
1.1470000000000002,-0.0248 
1.1480000000000001,-0.02409 
1.149,-0.0234 
1.1500000000000004,-0.02267 
1.1510000000000002,-0.02196 
1.1520000000000001,-0.02122 
1.153,-0.02055 
1.1540000000000004,-0.01981 
1.1550000000000002,-0.01909 
1.1560000000000001,-0.01834 
1.157,-0.01762 
1.1580000000000004,-0.01695 
1.1590000000000003,-0.01621 
1.1600000000000001,-0.01552 
1.161,-0.01475 
1.1620000000000004,-0.01404 
1.1630000000000003,-0.01332 
1.1640000000000001,-0.01258 
1.165,-0.01191 
1.1660000000000004,-0.01115 
1.1670000000000003,-0.01047 
1.1680000000000001,-0.009747 
1.169,-0.009027 
1.1700000000000004,-0.008305 
1.1710000000000003,-0.007572 
1.1720000000000002,-0.006898 
1.173,-0.006153 
1.1740000000000004,-0.005471 
1.1750000000000003,-0.004725 
1.1760000000000002,-0.004021 
1.177,-0.003311 
1.1780000000000004,-0.002593 
1.1790000000000003,-0.001894 
1.1800000000000002,-0.001173 
1.181,-0.0004471 
1.1820000000000004,-0.211 
1.1830000000000003,-0.2077 
1.1840000000000002,-0.2089 
1.185,-0.2102 
1.1860000000000004,-0.2116 
1.1870000000000003,-0.2129 
1.1880000000000002,-0.2142 
1.189,-0.2154 
1.1900000000000004,-0.2167 
1.1910000000000003,-0.2178 
1.1920000000000002,-0.2189 
1.193,-0.22 
1.1940000000000004,-0.2212 
1.1950000000000003,-0.2224 
1.1960000000000002,-0.2236 
1.197,-0.2247 
1.1980000000000004,-0.2257 
1.1990000000000003,-0.2266 
1.2000000000000002,-0.2275 
1.201,-0.2286 
1.2020000000000004,-0.23 
1.2030000000000003,-0.2316 
1.2040000000000002,-0.2332 
1.205,-0.2347 
1.2060000000000004,-0.2359 
1.2070000000000003,-0.2367 
1.2080000000000002,-0.2369 
1.209,-0.2372 
1.21,-0.2376 
1.2110000000000003,-0.238 
1.2120000000000002,-0.2386 
1.213,-0.2394 
1.214,-0.2403 
1.2150000000000003,-0.2415 
1.2160000000000002,-0.2432 
1.217,-0.2453 
1.218,-0.2471 
1.2190000000000003,-0.2486 
1.2200000000000002,-0.2507 
1.221,-0.253 
1.222,-0.2542 
1.2230000000000003,-0.2532 
1.2240000000000002,-0.2524 
1.225,-0.253 
1.226,-0.2543 
1.2270000000000003,-0.2561 
1.2280000000000002,-0.2574 
1.229,-0.2581 
1.23,-0.2588 
1.2310000000000003,-0.2595 
1.2320000000000002,-0.2602 
1.233,-0.2609 
1.234,-0.2615 
1.2350000000000003,-0.2623 
1.2360000000000002,-0.2632 
1.237,-0.2642 
1.238,-0.2651 
1.2390000000000003,-0.2662 
1.2400000000000002,-0.2671 
1.241,-0.2681 
1.242,-0.269 
1.2430000000000003,-0.27 
1.2440000000000002,-0.2709 
1.245,-0.2717 
1.246,-0.2726 
1.2470000000000003,-0.2734 
1.2480000000000002,-0.2742 
1.249,-0.275 
1.25,-0.2758 
1.2510000000000003,-0.2765 
1.2520000000000002,-0.2771 
1.2530000000000001,-0.2776 
1.254,-0.278 
1.2550000000000003,-0.2782 
1.2560000000000002,-0.2785 
1.2570000000000001,-0.2788 
1.258,-0.2791 
1.2590000000000003,-0.2795 
1.2600000000000002,-0.28 
1.2610000000000001,-0.2805 
1.262,-0.2811 
1.2630000000000003,-0.2817 
1.2640000000000002,-0.2824 
1.2650000000000001,-0.2831 
1.266,-0.2837 
1.2670000000000003,-0.2844 
1.2680000000000002,-0.2851 
1.2690000000000001,-0.2859 
1.27,-0.2866 
1.2710000000000004,-0.2873 
1.2720000000000002,-0.2881 
1.2730000000000001,-0.2888 
1.274,-0.2895 
1.2750000000000004,-0.2903 
1.2760000000000002,-0.2911 
1.2770000000000001,-0.2919 
1.278,-0.2926 
1.2790000000000004,-0.2934 
1.2800000000000002,-0.2941 
1.2810000000000001,-0.2949 
1.282,-0.2956 
1.2830000000000004,-0.2964 
1.2840000000000003,-0.2972 
1.2850000000000001,-0.2979 
1.286,-0.2987 
1.2870000000000004,-0.2995 
1.2880000000000003,-0.3002 
1.2890000000000001,-0.301 
1.29,-0.3018 
1.2910000000000004,-0.3026 
1.2920000000000003,-0.3033 
1.2930000000000001,-0.3041 
1.294,-0.3048 
1.2950000000000004,-0.3056 
1.2960000000000003,-0.3064 
1.2970000000000002,-0.3071 
1.298,-0.3079 
1.2990000000000004,-0.3087 
1.3000000000000003,-0.3095 
1.3010000000000002,-0.3102 
1.302,-0.311 
1.3030000000000004,-0.3118 
1.3040000000000003,-0.3125 
1.3050000000000002,-0.3133 
1.306,-0.3141 
1.3070000000000004,-0.3148 
1.3080000000000003,-0.3156 
1.3090000000000002,-0.3163 
1.31,-0.3171 
1.3110000000000004,-0.3179 
1.3120000000000003,-0.3186 
1.3130000000000002,-0.3194 
1.314,-0.3202 
1.3150000000000004,-0.3209 
1.3160000000000003,-0.3217 
1.3170000000000002,-0.3225 
1.318,-0.3232 
1.3190000000000004,-0.324 
1.3200000000000003,-0.3247 
1.3210000000000002,-0.3255 
1.322,-0.3263 
1.3230000000000004,-0.327 
1.3240000000000003,-0.3278 
1.3250000000000002,-0.3285 
1.326,-0.3293 
1.3270000000000004,-0.33 
1.3280000000000003,-0.3308 
1.3290000000000002,-0.3316 
1.33,-0.3323 
1.3310000000000004,-0.3331 
1.3320000000000003,-0.3338 
1.3330000000000002,-0.3346 
1.3340000000000005,-0.3353 
1.335,-0.3361 
1.3360000000000003,-0.3369 
1.3369999999999997,-0.3376 
1.338,-0.3384 
1.3390000000000004,-0.3391 
1.3399999999999999,-0.3399 
1.3410000000000002,-0.3406 
1.3420000000000005,-0.3414 
1.343,-0.3421 
1.3440000000000003,-0.3429 
1.3449999999999998,-0.3437 
1.346,-0.3444 
1.3470000000000004,-0.3451 
1.3479999999999999,-0.3459 
1.3490000000000002,-0.3466 
1.3500000000000005,-0.3474 
1.351,-0.3481 
1.3520000000000003,-0.3489 
1.3529999999999998,-0.3496 
1.354,-0.3504 
1.3550000000000004,-0.3511 
1.3559999999999999,-0.3519 
1.3570000000000002,-0.3527 
1.3580000000000005,-0.3534 
1.359,-0.3541 
1.3600000000000003,-0.3549 
1.3609999999999998,-0.3556 
1.362,-0.3564 
1.3630000000000004,-0.3571 
1.3639999999999999,-0.3579 
1.3650000000000002,-0.3586 
1.3660000000000005,-0.3593 
1.367,-0.36 
1.3680000000000003,-0.3608 
1.3689999999999998,-0.3615 
1.37,-0.3623 
1.3710000000000004,-0.3631 
1.3719999999999999,-0.3637 
1.3730000000000002,-0.3645 
1.3740000000000006,-0.3652 
1.375,-0.366 
1.3760000000000003,-0.3667 
1.3769999999999998,-0.3674 
1.3780000000000001,-0.3682 
1.3790000000000004,-0.369 
1.38,-0.3697 
1.3810000000000002,-0.3704 
1.3820000000000006,-0.3711 
1.383,-0.3719 
1.3840000000000003,-0.3726 
1.3849999999999998,-0.3734 
1.3860000000000001,-0.3741 
1.3870000000000005,-0.3748 
1.388,-0.3756 
1.3890000000000002,-0.3763 
1.3900000000000006,-0.377 
1.391,-0.3778 
1.3920000000000003,-0.3785 
1.3929999999999998,-0.3792 
1.3940000000000001,-0.38 
1.3950000000000005,-0.3807 
1.396,-0.3814 
1.3970000000000002,-0.3822 
1.3980000000000006,-0.3829 
1.399,-0.3836 
1.4000000000000004,-0.3843 
1.4009999999999998,-0.3851 
1.4020000000000001,-0.3858 
1.4030000000000005,-0.3865 
1.404,-0.3873 
1.4050000000000002,-0.388 
1.4060000000000006,-0.3887 
1.407,-0.3894 
1.4080000000000004,-0.3902 
1.4089999999999998,-0.3909 
1.4100000000000001,-0.3916 
1.4110000000000005,-0.3924 
1.412,-0.3931 
1.4130000000000003,-0.3938 
1.4140000000000006,-0.3945 
1.415,-0.3952 
1.4160000000000004,-0.396 
1.4169999999999998,-0.3967 
1.4180000000000001,-0.3975 
1.4190000000000005,-0.3981 
1.42,-0.3988 
1.4210000000000003,-0.3995 
1.4220000000000006,-0.4003 
1.423,-0.401 
1.4240000000000004,-0.4017 
1.4249999999999998,-0.4024 
1.4260000000000002,-0.4031 
1.4270000000000005,-0.4039 
1.428,-0.4046 
1.4290000000000003,-0.4053 
1.4300000000000006,-0.406 
1.431,-0.4067 
1.4320000000000004,-0.4075 
1.4329999999999998,-0.4082 
1.4340000000000002,-0.4089 
1.4350000000000005,-0.4097 
1.436,-0.4103 
1.4370000000000003,-0.4111 
1.4380000000000006,-0.4118 
1.439,-0.4125 
1.4400000000000004,-0.4132 
1.4409999999999998,-0.4139 
1.4420000000000002,-0.4146 
1.4430000000000005,-0.4153 
1.444,-0.4161 
1.4450000000000003,-0.4167 
1.4460000000000006,-0.4175 
1.447,-0.4182 
1.4480000000000004,-0.4189 
1.4489999999999998,-0.4196 
1.4500000000000002,-0.4203 
1.4510000000000005,-0.421 
1.452,-0.4217 
1.4530000000000003,-0.4224 
1.4540000000000006,-0.4231 
1.455,-0.4238 
1.4560000000000004,-0.4245 
1.4569999999999999,-0.4253 
1.4580000000000002,-0.426 
1.4590000000000005,-0.4267 
1.46,-0.4274 
1.4610000000000003,-0.4281 
1.4619999999999997,-0.4288 
1.463,-0.4296 
1.4640000000000004,-0.4302 
1.4649999999999999,-0.4309 
1.4660000000000002,-0.4316 
1.4670000000000005,-0.4323 
1.468,-0.433 
1.4690000000000003,-0.4337 
1.4699999999999998,-0.4345 
1.471,-0.4351 
1.4720000000000004,-0.4358 
1.4729999999999999,-0.4366 
1.4740000000000002,-0.4372 
1.4750000000000005,-0.4379 
1.476,-0.4386 
1.4770000000000003,-0.4394 
1.4779999999999998,-0.44 
1.479,-0.4407 
1.4800000000000004,-0.4414 
1.4809999999999999,-0.4421 
1.4820000000000002,-0.4428 
1.4830000000000005,-0.4435 
1.484,-0.4442 
1.4850000000000003,-0.4449 
1.4859999999999998,-0.4456 
1.487,-0.4463 
1.4880000000000004,-0.447 
1.4889999999999999,-0.4477 
1.4900000000000002,-0.4484 
1.4910000000000005,-0.4491 
1.492,-0.4498 
1.4930000000000003,-0.4505 
1.4939999999999998,-0.4511 
1.495,-0.4518 
1.4960000000000004,-0.4526 
1.4969999999999999,-0.4532 
1.4980000000000002,-0.454 
1.4990000000000006,-0.4546 
1.5,-0.4553 
1.5010000000000003,-0.456 
1.5019999999999998,-0.4567 
1.5030000000000001,-0.4574 
1.5040000000000004,-0.4581 
1.505,-0.4588 
1.5060000000000002,-0.4595 
1.5070000000000006,-0.4602 
1.508,-0.4609 
1.5090000000000003,-0.4615 
1.5099999999999998,-0.4622 
1.5110000000000001,-0.4629 
1.5120000000000005,-0.4636 
1.513,-0.4643 
1.5140000000000002,-0.4649 
1.5150000000000006,-0.4657 
1.516,-0.4664 
1.5170000000000003,-0.467 
1.5179999999999998,-0.4677 
1.5190000000000001,-0.4684 
1.5200000000000005,-0.4691 
1.521,-0.4698 
1.5220000000000002,-0.4705 
1.5230000000000006,-0.4712 
1.524,-0.4718 
1.5250000000000004,-0.4725 
1.5259999999999998,-0.4732 
1.5270000000000001,-0.4739 
1.5280000000000005,-0.4746 
1.529,-0.4752 
1.5300000000000002,-0.4759 
1.5310000000000006,-0.4766 
1.532,-0.4772 
1.5330000000000004,-0.4779 
1.5339999999999998,-0.4786 
1.5350000000000001,-0.4793 
1.5360000000000005,-0.48 
1.537,-0.4806 
1.5380000000000003,-0.4813 
1.5390000000000006,-0.482 
1.54,-0.4827 
1.5410000000000004,-0.4833 
1.5419999999999998,-0.484 
1.5430000000000001,-0.4847 
1.5440000000000005,-0.4854 
1.545,-0.4861 
1.5460000000000003,-0.4867 
1.5470000000000006,-0.4874 
1.548,-0.4881 
1.5490000000000004,-0.4888 
1.5499999999999998,-0.4895 
1.5510000000000002,-0.4901 
1.5520000000000005,-0.4908 
1.553,-0.4915 
1.5540000000000003,-0.4921 
1.5550000000000006,-0.4928 
1.556,-0.4935 
1.5570000000000004,-0.4942 
1.5579999999999998,-0.4948 
1.5590000000000002,-0.4955 
1.5600000000000005,-0.4962 
1.561,-0.4969 
1.5620000000000003,-0.4975 
1.5630000000000006,-0.4982 
1.564,-0.4988 
1.5650000000000004,-0.4995 
1.5659999999999998,-0.5002 
1.5670000000000002,-0.5008 
1.5680000000000005,-0.5015 
1.569,-0.5022 
1.5700000000000003,-0.5028 
1.5710000000000006,-0.5035 
1.572,-0.5042 
1.5730000000000004,-0.5049 
1.5739999999999998,-0.5055 
1.5750000000000002,-0.5062 
1.5760000000000005,-0.5069 
1.577,-0.5075 
1.5780000000000003,-0.5082 
1.5790000000000006,-0.5089 
1.58,-0.5095 
1.5810000000000004,-0.5102 
1.5819999999999999,-0.5108 
1.5830000000000002,-0.5115 
1.5840000000000005,-0.5121 
1.585,-0.5128 
1.5860000000000003,-0.5135 
1.5869999999999997,-0.5141 
1.588,-0.5148 
1.5890000000000004,-0.5154 
1.5899999999999999,-0.5161 
1.5910000000000002,-0.5168 
1.5920000000000005,-0.5174 
1.593,-0.518 
1.5940000000000003,-0.5187 
1.5949999999999998,-0.5194 
1.596,-0.52 
1.5970000000000004,-0.5207 
1.5979999999999999,-0.5213 
1.5990000000000002,-0.522 
1.6000000000000005,-0.5227 
1.601,-0.5233 
1.6020000000000003,-0.524 
1.6029999999999998,-0.5246 
1.604,-0.5253 
1.6050000000000004,-0.5259 
1.6059999999999999,-0.5266 
1.6070000000000002,-0.5273 
1.6080000000000005,-0.5279 
1.609,-0.5286 
1.6100000000000003,-0.5292 
1.6109999999999998,-0.5299 
1.612,-0.5305 
1.6130000000000004,-0.5312 
1.6139999999999999,-0.5319 
1.6150000000000002,-0.5325 
1.6160000000000005,-0.5331 
1.617,-0.5338 
1.6180000000000003,-0.5344 
1.6189999999999998,-0.5351 
1.62,-0.5357 
1.6210000000000004,-0.5364 
1.6219999999999999,-0.5371 
1.6230000000000002,-0.5377 
1.6240000000000006,-0.5384 
1.625,-0.539 
1.6260000000000003,-0.5396 
1.6269999999999998,-0.5403 
1.6280000000000001,-0.5409 
1.6290000000000004,-0.5416 
1.63,-0.5422 
1.6310000000000002,-0.5429 
1.6320000000000006,-0.5435 
1.633,-0.5442 
1.6340000000000003,-0.5448 
1.6349999999999998,-0.5455 
1.6360000000000001,-0.5461 
1.6370000000000005,-0.5468 
1.638,-0.5474 
1.6390000000000002,-0.548 
1.6400000000000006,-0.5487 
1.641,-0.5493 
1.6420000000000003,-0.55 
1.6429999999999998,-0.5506 
1.6440000000000001,-0.5513 
1.6450000000000005,-0.5519 
1.646,-0.5525 
1.6470000000000002,-0.5532 
1.6480000000000006,-0.5538 
1.649,-0.5545 
1.6500000000000004,-0.5551 
1.6509999999999998,-0.5557 
1.6520000000000001,-0.5564 
1.6530000000000005,-0.557 
1.654,-0.5576 
1.6550000000000002,-0.5583 
1.6560000000000006,-0.559 
1.657,-0.5595 
1.6580000000000004,-0.5602 
1.6589999999999998,-0.5608 
1.6600000000000001,-0.5615 
1.6610000000000005,-0.5621 
1.662,-0.5627 
1.6630000000000003,-0.5634 
1.6640000000000006,-0.564 
1.665,-0.5647 
1.6660000000000004,-0.5653 
1.6669999999999998,-0.566 
1.6680000000000001,-0.5666 
1.6690000000000005,-0.5672 
1.67,-0.5679 
1.6710000000000003,-0.5685 
1.6720000000000006,-0.5692 
1.673,-0.5698 
1.6740000000000004,-0.5704 
1.6749999999999998,-0.5711 
1.6760000000000002,-0.5717 
1.6770000000000005,-0.5723 
1.678,-0.5729 
1.6790000000000003,-0.5736 
1.6800000000000006,-0.5742 
1.681,-0.5749 
1.6820000000000004,-0.5755 
1.6829999999999998,-0.5761 
1.6840000000000002,-0.5768 
1.6850000000000005,-0.5774 
1.686,-0.578 
1.6870000000000003,-0.5786 
1.6880000000000006,-0.5792 
1.689,-0.5799 
1.6900000000000004,-0.5805 
1.6909999999999998,-0.5812 
1.6920000000000002,-0.5818 
1.6930000000000005,-0.5824 
1.694,-0.5831 
1.6950000000000003,-0.5837 
1.6960000000000006,-0.5843 
1.697,-0.5849 
1.6980000000000004,-0.5856 
1.6989999999999998,-0.5862 
1.7000000000000002,-0.5869 
1.7010000000000005,-0.5875 
1.702,-0.5881 
1.7030000000000003,-0.5887 
1.7040000000000006,-0.5893 
1.705,-0.59 
1.7060000000000004,-0.5906 
1.7069999999999999,-0.5912 
1.7080000000000002,-0.5919 
1.7090000000000005,-0.5925 
1.71,-0.5931 
1.7110000000000003,-0.5937 
1.7119999999999997,-0.5943 
1.713,-0.595 
1.7140000000000004,-0.5956 
1.7149999999999999,-0.5962 
1.7160000000000002,-0.5968 
1.7170000000000005,-0.5975 
1.718,-0.5981 
1.7190000000000003,-0.5987 
1.7199999999999998,-0.5993 
1.721,-0.5999 
1.7220000000000004,-0.6006 
1.7229999999999999,-0.6012 
1.7240000000000002,-0.6018 
1.7250000000000005,-0.6024 
1.726,-0.603 
1.7270000000000003,-0.6037 
1.7279999999999998,-0.6043 
1.729,-0.6049 
1.7300000000000004,-0.6055 
1.7309999999999999,-0.6061 
1.7320000000000002,-0.6068 
1.7330000000000005,-0.6074 
1.734,-0.608 
1.7350000000000003,-0.6086 
1.7359999999999998,-0.6093 
1.737,-0.6099 
1.7380000000000004,-0.6105 
1.7389999999999999,-0.6111 
1.7400000000000002,-0.6117 
1.7410000000000005,-0.6124 
1.742,-0.613 
1.7430000000000003,-0.6136 
1.7439999999999998,-0.6142 
1.745,-0.6148 
1.7460000000000004,-0.6154 
1.7469999999999999,-0.616 
1.7480000000000002,-0.6167 
1.7490000000000006,-0.6173 
1.75,-0.6179 
1.7510000000000003,-0.6185 
1.7519999999999998,-0.6191 
1.7530000000000001,-0.6197 
1.7540000000000004,-0.6203 
1.755,-0.621 
1.7560000000000002,-0.6216 
1.7570000000000006,-0.6222 
1.758,-0.6228 
1.7590000000000003,-0.6234 
1.7599999999999998,-0.624 
1.7610000000000001,-0.6246 
1.7620000000000005,-0.6253 
1.763,-0.6259 
1.7640000000000002,-0.6265 
1.7650000000000006,-0.6271 
1.766,-0.6277 
1.7670000000000003,-0.6283 
1.7679999999999998,-0.6289 
1.7690000000000001,-0.6296 
1.7700000000000005,-0.6301 
1.771,-0.6308 
1.7720000000000002,-0.6313 
1.7730000000000006,-0.6319 
1.774,-0.6326 
1.7750000000000004,-0.6332 
1.7759999999999998,-0.6338 
1.7770000000000001,-0.6344 
1.7780000000000005,-0.635 
1.779,-0.6356 
1.7800000000000002,-0.6362 
1.7810000000000006,-0.6368 
1.782,-0.6374 
1.7830000000000004,-0.638 
1.7839999999999998,-0.6386 
1.7850000000000001,-0.6392 
1.7860000000000005,-0.6398 
1.787,-0.6404 
1.7880000000000003,-0.6411 
1.7890000000000006,-0.6417 
1.79,-0.6423 
1.7910000000000004,-0.6429 
1.7919999999999998,-0.6435 
1.7930000000000001,-0.6441 
1.7940000000000005,-0.6447 
1.795,-0.6453 
1.7960000000000003,-0.6459 
1.7970000000000006,-0.6465 
1.798,-0.6471 
1.7990000000000004,-0.6477 
1.7999999999999998,-0.6483 
1.8010000000000002,-0.6489 
1.8020000000000005,-0.6495 
1.803,-0.6501 
1.8040000000000003,-0.6507 
1.8050000000000006,-0.6513 
1.806,-0.6519 
1.8070000000000004,-0.6525 
1.8079999999999998,-0.6531 
1.8090000000000002,-0.6537 
1.8100000000000005,-0.6543 
1.811,-0.6549 
1.8120000000000003,-0.6555 
1.8130000000000006,-0.6561 
1.814,-0.6567 
1.8150000000000004,-0.6573 
1.8159999999999998,-0.6579 
1.8170000000000002,-0.6585 
1.8180000000000005,-0.6591 
1.819,-0.6597 
1.8200000000000003,-0.6603 
1.8210000000000006,-0.6609 
1.822,-0.6615 
1.8230000000000004,-0.6621 
1.8239999999999998,-0.6627 
1.8250000000000002,-0.6632 
1.8260000000000005,-0.6638 
1.827,-0.6644 
1.8280000000000003,-0.6651 
1.8290000000000006,-0.6657 
1.83,-0.6662 
1.8310000000000004,-0.6668 
1.8319999999999999,-0.6674 
1.8330000000000002,-0.668 
1.8340000000000005,-0.6686 
1.835,-0.6692 
1.8360000000000003,-0.6698 
1.8369999999999997,-0.6704 
1.838,-0.671 
1.8390000000000004,-0.6716 
1.8399999999999999,-0.6722 
1.8410000000000002,-0.6727 
1.8420000000000005,-0.6734 
1.843,-0.6739 
1.8440000000000003,-0.6745 
1.8449999999999998,-0.6751 
1.846,-0.6757 
1.8470000000000004,-0.6763 
1.8479999999999999,-0.6769 
1.8490000000000002,-0.6775 
1.8500000000000005,-0.678 
1.851,-0.6786 
1.8520000000000003,-0.6792 
1.8529999999999998,-0.6798 
1.854,-0.6804 
1.8550000000000004,-0.681 
1.8559999999999999,-0.6816 
1.8570000000000002,-0.6822 
1.8580000000000005,-0.6828 
1.859,-0.6834 
1.8600000000000003,-0.684 
1.8609999999999998,-0.6846 
1.862,-0.6851 
1.8630000000000004,-0.6857 
1.8639999999999999,-0.6863 
1.8650000000000002,-0.6869 
1.8660000000000005,-0.6874 
1.867,-0.688 
1.8680000000000003,-0.6887 
1.8689999999999998,-0.6892 
1.87,-0.6898 
1.8710000000000004,-0.6904 
1.8719999999999999,-0.691 
1.8730000000000002,-0.6916 
1.8740000000000006,-0.6921 
1.875,-0.6928 
1.8760000000000003,-0.6933 
1.8769999999999998,-0.6939 
1.8780000000000001,-0.6945 
1.8790000000000004,-0.6951 
1.88,-0.6956 
1.8810000000000002,-0.6962 
1.8820000000000006,-0.6969 
1.883,-0.6974 
1.8840000000000003,-0.698 
1.8849999999999998,-0.6985 
1.8860000000000001,-0.6991 
1.8870000000000005,-0.6997 
1.888,-0.7003 
1.8890000000000002,-0.7009 
1.8900000000000006,-0.7014 
1.891,-0.702 
1.8920000000000003,-0.7026 
1.8929999999999998,-0.7032 
1.8940000000000001,-0.7038 
1.8950000000000005,-0.7044 
1.896,-0.7049 
1.8970000000000002,-0.7055 
1.8980000000000006,-0.7061 
1.899,-0.7067 
1.9000000000000004,-0.7073 
1.9009999999999998,-0.7079 
1.9020000000000001,-0.7084 
1.9030000000000005,-0.709 
1.904,-0.7095 
1.9050000000000002,-0.7101 
1.9060000000000006,-0.7107 
1.907,-0.7113 
1.9080000000000004,-0.7119 
1.9089999999999998,-0.7124 
1.9100000000000001,-0.713 
1.9110000000000005,-0.7136 
1.912,-0.7141 
1.9130000000000003,-0.7147 
1.9140000000000006,-0.7153 
1.915,-0.7159 
1.9160000000000004,-0.7164 
1.9169999999999998,-0.717 
1.9180000000000001,-0.7176 
1.9190000000000005,-0.7182 
1.92,-0.7188 
1.9210000000000003,-0.7193 
1.9220000000000006,-0.7199 
1.923,-0.7204 
1.9240000000000004,-0.721 
1.9249999999999998,-0.7216 
1.9260000000000002,-0.7222 
1.9270000000000005,-0.7228 
1.928,-0.7233 
1.9290000000000003,-0.7239 
1.9300000000000006,-0.7245 
1.931,-0.725 
1.9320000000000004,-0.7256 
1.9329999999999998,-0.7262 
1.9340000000000002,-0.7268 
1.9350000000000005,-0.7273 
1.936,-0.7279 
1.9370000000000003,-0.7285 
1.9380000000000006,-0.729 
1.939,-0.7296 
1.9400000000000004,-0.7302 
1.9409999999999998,-0.7308 
1.9420000000000002,-0.7313 
1.9430000000000005,-0.7319 
1.944,-0.7325 
1.9450000000000003,-0.733 
1.9460000000000006,-0.7336 
1.947,-0.7342 
1.9480000000000004,-0.7348 
1.9489999999999998,-0.7353 
1.9500000000000002,-0.7359 
1.9510000000000005,-0.7364 
1.952,-0.737 
1.9530000000000003,-0.7376 
1.9540000000000006,-0.7381 
1.955,-0.7387 
1.9560000000000004,-0.7393 
1.9569999999999999,-0.7398 
1.9580000000000002,-0.7404 
1.9590000000000005,-0.741 
1.96,-0.7416 
1.9610000000000003,-0.7421 
1.9619999999999997,-0.7427 
1.963,-0.7432 
1.9640000000000004,-0.7438 
1.9649999999999999,-0.7444 
1.9660000000000002,-0.7449 
1.9670000000000005,-0.7455 
1.968,-0.746 
1.9690000000000003,-0.7466 
1.9699999999999998,-0.7472 
1.971,-0.7477 
1.9720000000000004,-0.7483 
1.9729999999999999,-0.7489 
1.9740000000000002,-0.7495 
1.9750000000000005,-0.75 
1.976,-0.7505 
1.9770000000000003,-0.7511 
1.9779999999999998,-0.7517 
1.979,-0.7522 
1.9800000000000004,-0.7528 
1.9809999999999999,-0.7534 
1.9820000000000002,-0.7539 
1.9830000000000005,-0.7545 
1.984,-0.755 
1.9850000000000003,-0.7556 
1.9859999999999998,-0.7562 
1.987,-0.7567 
1.9880000000000004,-0.7573 
1.9889999999999999,-0.7578 
1.9900000000000002,-0.7584 
1.9910000000000005,-0.7589 
1.992,-0.7595 
1.9930000000000003,-0.7601 
1.9939999999999998,-0.7606 
1.995,-0.7612 
1.9960000000000004,-0.7618 
1.9969999999999999,-0.7623 
1.9980000000000002,-0.7629 
1.9990000000000006,-0.7634 
2.0,-0.764 
2.0010000000000003,-0.7646 
2.002,-0.7651 
2.003,-0.7656 
2.0040000000000004,-0.7662 
2.005,-0.7667 
2.0060000000000002,-0.7673 
2.0070000000000006,-0.7679 
2.008,-0.7684 
2.0090000000000003,-0.769 
2.01,-0.7695 
2.011,-0.7701 
2.0120000000000005,-0.7707 
2.013,-0.7712 
2.0140000000000002,-0.7718 
2.0150000000000006,-0.7723 
2.016,-0.7729 
2.0170000000000003,-0.7734 
2.018,-0.774 
2.019,-0.7746 
2.0200000000000005,-0.7751 
2.021,-0.7757 
2.0220000000000002,-0.7762 
2.0230000000000006,-0.7767 
2.024,-0.7773 
2.0250000000000004,-0.7778 
2.026,-0.7784 
2.027,-0.779 
2.0280000000000005,-0.7795 
2.029,-0.7801 
2.0300000000000002,-0.7806 
2.0310000000000006,-0.7812 
2.032,-0.7818 
2.0330000000000004,-0.7823 
2.034,-0.7829 
2.035,-0.7834 
2.0360000000000005,-0.784 
2.037,-0.7845 
2.0380000000000003,-0.7851 
2.0390000000000006,-0.7856 
2.04,-0.7862 
2.0410000000000004,-0.7867 
2.042,-0.7873 
2.043,-0.7878 
2.0440000000000005,-0.7884 
2.045,-0.7889 
2.0460000000000003,-0.7894 
2.0470000000000006,-0.79 
2.048,-0.7905 
2.0490000000000004,-0.7911 
2.05,-0.7916 
2.051,-0.7922 
2.0520000000000005,-0.7927 
2.053,-0.7933 
2.0540000000000003,-0.7938 
2.0550000000000006,-0.7944 
2.056,-0.7949 
2.0570000000000004,-0.7954 
2.058,-0.796 
2.059,-0.7966 
2.0600000000000005,-0.7971 
2.061,-0.7977 
2.0620000000000003,-0.7982 
2.0630000000000006,-0.7987 
2.064,-0.7993 
2.0650000000000004,-0.7998 
2.066,-0.8004 
2.067,-0.8009 
2.0680000000000005,-0.8015 
2.069,-0.802 
2.0700000000000003,-0.8026 
2.0710000000000006,-0.8031 
2.072,-0.8037 
2.0730000000000004,-0.8042 
2.074,-0.8047 
2.075,-0.8053 
2.0760000000000005,-0.8058 
2.077,-0.8064 
2.0780000000000003,-0.8069 
2.0790000000000006,-0.8075 
2.08,-0.808 
2.0810000000000004,-0.8085 
2.082,-0.8091 
2.083,-0.8096 
2.0840000000000005,-0.8102 
2.085,-0.8107 
2.0860000000000003,-0.8113 
2.0869999999999997,-0.8118 
2.088,-0.8123 
2.0890000000000004,-0.8129 
2.09,-0.8134 
2.091,-0.814 
2.0920000000000005,-0.8145 
2.093,-0.8151 
2.0940000000000003,-0.8156 
2.0949999999999998,-0.8161 
2.096,-0.8167 
2.0970000000000004,-0.8172 
2.098,-0.8177 
2.099,-0.8183 
2.1000000000000005,-0.8189 
2.101,-0.8194 
2.1020000000000003,-0.8199 
2.1029999999999998,-0.8205 
2.104,-0.821 
2.1050000000000004,-0.8216 
2.106,-0.8221 
2.107,-0.8226 
2.1080000000000005,-0.8232 
2.109,-0.8237 
2.1100000000000003,-0.8242 
2.1109999999999998,-0.8248 
2.112,-0.8253 
2.1130000000000004,-0.8259 
2.114,-0.8264 
2.115,-0.827 
2.1160000000000005,-0.8275 
2.117,-0.828 
2.1180000000000003,-0.8285 
2.1189999999999998,-0.829 
2.12,-0.8296 
2.1210000000000004,-0.8301 
2.122,-0.8307 
2.123,-0.8312 
2.1240000000000006,-0.8318 
2.125,-0.8323 
2.1260000000000003,-0.8328 
2.127,-0.8334 
2.128,-0.8339 
2.1290000000000004,-0.8344 
2.13,-0.8349 
2.1310000000000002,-0.8355 
2.1320000000000006,-0.836 
2.133,-0.8365 
2.1340000000000003,-0.8371 
2.135,-0.8376 
2.136,-0.8381 
2.1370000000000005,-0.8387 
2.138,-0.8393 
2.1390000000000002,-0.8398 
2.1400000000000006,-0.8403 
2.141,-0.8409 
2.1420000000000003,-0.8414 
2.143,-0.8419 
2.144,-0.8424 
2.1450000000000005,-0.843 
2.146,-0.8435 
2.1470000000000002,-0.844 
2.1480000000000006,-0.8446 
2.149,-0.8451 
2.1500000000000004,-0.8456 
2.151,-0.8462 
2.152,-0.8467 
2.1530000000000005,-0.8472 
2.154,-0.8477 
2.1550000000000002,-0.8483 
2.1560000000000006,-0.8488 
2.157,-0.8493 
2.1580000000000004,-0.8499 
2.159,-0.8504 
2.16,-0.851 
2.1610000000000005,-0.8515 
2.162,-0.852 
2.1630000000000003,-0.8525 
2.1640000000000006,-0.8531 
2.165,-0.8536 
2.1660000000000004,-0.8541 
2.167,-0.8547 
2.168,-0.8552 
2.1690000000000005,-0.8557 
2.17,-0.8562 
2.1710000000000003,-0.8568 
2.1720000000000006,-0.8573 
2.173,-0.8578 
2.1740000000000004,-0.8584 
2.175,-0.8589 
2.176,-0.8594 
2.1770000000000005,-0.8599 
2.178,-0.8605 
2.1790000000000003,-0.861 
2.1800000000000006,-0.8615 
2.181,-0.8621 
2.1820000000000004,-0.8626 
2.183,-0.8631 
2.184,-0.8636 
2.1850000000000005,-0.8641 
2.186,-0.8647 
2.1870000000000003,-0.8652 
2.1880000000000006,-0.8657 
2.189,-0.8663 
2.1900000000000004,-0.8668 
2.191,-0.8673 
2.192,-0.8678 
2.1930000000000005,-0.8684 
2.194,-0.8689 
2.1950000000000003,-0.8694 
2.1960000000000006,-0.8699 
2.197,-0.8704 
2.1980000000000004,-0.871 
2.199,-0.8715 
2.2,-0.872 
2.2010000000000005,-0.8725 
2.202,-0.873 
2.2030000000000003,-0.8736 
2.2040000000000006,-0.8741 
2.205,-0.8746 
2.2060000000000004,-0.8751 
2.207,-0.8757 
2.208,-0.8762 
2.2090000000000005,-0.8767 
2.21,-0.8772 
2.2110000000000003,-0.8778 
2.2119999999999997,-0.8783 
2.213,-0.8788 
2.2140000000000004,-0.8794 
2.215,-0.8799 
2.216,-0.8804 
2.2170000000000005,-0.8809 
2.218,-0.8815 
2.2190000000000003,-0.882 
2.2199999999999998,-0.8824 
2.221,-0.883 
2.2220000000000004,-0.8835 
2.223,-0.884 
2.224,-0.8845 
2.2250000000000005,-0.8851 
2.226,-0.8856 
2.2270000000000003,-0.8861 
2.2279999999999998,-0.8867 
2.229,-0.8871 
2.2300000000000004,-0.8877 
2.231,-0.8882 
2.232,-0.8887 
2.2330000000000005,-0.8893 
2.234,-0.8898 
2.2350000000000003,-0.8902 
2.2359999999999998,-0.8908 
2.237,-0.8913 
2.2380000000000004,-0.8918 
2.239,-0.8924 
2.24,-0.8929 
2.2410000000000005,-0.8934 
2.242,-0.8939 
2.2430000000000003,-0.8944 
2.2439999999999998,-0.8949 
2.245,-0.8955 
2.2460000000000004,-0.896 
2.247,-0.8965 
2.248,-0.897 
2.2490000000000006,-0.8975 
2.25,-0.898 
2.2510000000000003,-0.8986 
2.252,-0.8991 
2.253,-0.8996 
2.2540000000000004,-0.9001 
2.255,-0.9006 
2.2560000000000002,-0.9011 
2.2570000000000006,-0.9017 
2.258,-0.9022 
2.2590000000000003,-0.9027 
2.26,-0.9032 
2.261,-0.9038 
2.2620000000000005,-0.9042 
2.263,-0.9047 
2.2640000000000002,-0.9053 
2.2650000000000006,-0.9058 
2.266,-0.9063 
2.2670000000000003,-0.9068 
2.268,-0.9073 
2.269,-0.9078 
2.2700000000000005,-0.9084 
2.271,-0.9089 
2.2720000000000002,-0.9094 
2.2730000000000006,-0.9099 
2.274,-0.9104 
2.2750000000000004,-0.9109 
2.276,-0.9114 
2.277,-0.9119 
2.2780000000000005,-0.9125 
2.279,-0.9129 
2.2800000000000002,-0.9135 
2.2810000000000006,-0.914 
2.282,-0.9145 
2.2830000000000004,-0.915 
2.284,-0.9155 
2.285,-0.9161 
2.2860000000000005,-0.9166 
2.287,-0.9171 
2.2880000000000003,-0.9176 
2.2890000000000006,-0.9181 
2.29,-0.9186 
2.2910000000000004,-0.9191 
2.292,-0.9197 
2.293,-0.9202 
2.2940000000000005,-0.9207 
2.295,-0.9212 
2.2960000000000003,-0.9217 
2.2970000000000006,-0.9222 
2.298,-0.9227 
2.2990000000000004,-0.9232 
2.3,-0.9237 
2.301,-0.9242 
2.3020000000000005,-0.9247 
2.303,-0.9253 
2.3040000000000003,-0.9258 
2.3050000000000006,-0.9263 
2.306,-0.9268 
2.3070000000000004,-0.9273 
2.308,-0.9278 
2.309,-0.9283 
2.3100000000000005,-0.9288 
2.311,-0.9294 
2.3120000000000003,-0.9298 
2.3130000000000006,-0.9304 
2.314,-0.9309 
2.3150000000000004,-0.9314 
2.316,-0.9319 
2.317,-0.9324 
2.3180000000000005,-0.9329 
2.319,-0.9334 
2.3200000000000003,-0.9339 
2.3210000000000006,-0.9344 
2.322,-0.935 
2.3230000000000004,-0.9354 
2.324,-0.936 
2.325,-0.9365 
2.3260000000000005,-0.937 
2.327,-0.9375 
2.3280000000000003,-0.938 
2.3290000000000006,-0.9385 
2.33,-0.939 
2.3310000000000004,-0.9396 
2.332,-0.9401 
2.333,-0.9406 
2.3340000000000005,-0.9411 
2.335,-0.9415 
2.3360000000000003,-0.942 
2.3369999999999997,-0.9426 
2.338,-0.9431 
2.3390000000000004,-0.9436 
2.34,-0.9441 
2.341,-0.9446 
2.3420000000000005,-0.9451 
2.343,-0.9456 
2.3440000000000003,-0.9461 
2.3449999999999998,-0.9466 
2.346,-0.9471 
2.3470000000000004,-0.9476 
2.348,-0.9481 
2.349,-0.9486 
2.3500000000000005,-0.9491 
2.351,-0.9497 
2.3520000000000003,-0.9501 
2.3529999999999998,-0.9507 
2.354,-0.9511 
2.3550000000000004,-0.9516 
2.356,-0.9522 
2.357,-0.9526 
2.3580000000000005,-0.9532 
2.359,-0.9537 
2.3600000000000003,-0.9542 
2.3609999999999998,-0.9547 
2.362,-0.9552 
2.3630000000000004,-0.9557 
2.364,-0.9562 
2.365,-0.9567 
2.3660000000000005,-0.9572 
2.367,-0.9577 
2.3680000000000003,-0.9582 
2.3689999999999998,-0.9587 
2.37,-0.9592 
2.3710000000000004,-0.9597 
2.372,-0.9603 
2.373,-0.9607 
2.3740000000000006,-0.9613 
2.375,-0.9617 
2.3760000000000003,-0.9622 
2.377,-0.9627 
2.378,-0.9633 
2.3790000000000004,-0.9638 
2.38,-0.9642 
2.3810000000000002,-0.9647 
2.3820000000000006,-0.9652 
2.383,-0.9658 
2.3840000000000003,-0.9663 
2.385,-0.9668 
2.386,-0.9673 
2.3870000000000005,-0.9678 
2.388,-0.9683 
2.3890000000000002,-0.9688 
2.3900000000000006,-0.9693 
2.391,-0.9698 
2.3920000000000003,-0.9703 
2.393,-0.9708 
2.394,-0.9713 
2.3950000000000005,-0.9718 
2.396,-0.9723 
2.3970000000000002,-0.9727 
2.3980000000000006,-0.9733 
2.399,-0.9738 
2.4000000000000004,-0.9743 
2.401,-0.9748 
2.402,-0.9753 
2.4030000000000005,-0.9758 
2.404,-0.9763 
2.4050000000000002,-0.9768 
2.4060000000000006,-0.9773 
2.407,-0.9778 
2.4080000000000004,-0.9783 
2.409,-0.9788 
2.41,-0.9793 
2.4110000000000005,-0.9798 
2.412,-0.9803 
2.4130000000000003,-0.9807 
2.4140000000000006,-0.9813 
2.415,-0.9818 
2.4160000000000004,-0.9822 
2.417,-0.9828 
2.418,-0.9832 
2.4190000000000005,-0.9838 
2.42,-0.9843 
2.4210000000000003,-0.9848 
2.4220000000000006,-0.9852 
2.423,-0.9857 
2.4240000000000004,-0.9862 
2.425,-0.9867 
2.426,-0.9872 
2.4270000000000005,-0.9877 
2.428,-0.9882 
2.4290000000000003,-0.9887 
2.4300000000000006,-0.9892 
2.431,-0.9897 
2.4320000000000004,-0.9902 
2.433,-0.9907 
2.434,-0.9911 
2.4350000000000005,-0.9917 
2.436,-0.9921 
2.4370000000000003,-0.9926 
2.4380000000000006,-0.9931 
2.439,-0.9936 
2.4400000000000004,-0.9942 
2.441,-0.9946 
2.442,-0.9951 
2.4430000000000005,-0.9956 
2.444,-0.9961 
2.4450000000000003,-0.9966 
2.4460000000000006,-0.9971 
2.447,-0.9976 
2.4480000000000004,-0.9981 
2.449,-0.9986 
2.45,-0.999 
2.4510000000000005,-0.9996 
