cp40.txt
0.0,-0.0849 
0.0,-0.08526 
0.0,-0.08566 
0.0,-0.08611 
0.009999999999999787,-0.08649 
0.009999999999999787,-0.08689 
0.009999999999999787,-0.08729 
0.009999999999999787,-0.08772 
0.009999999999999787,-0.08816 
0.009999999999999787,-0.0886 
0.009999999999999787,-0.08908 
0.009999999999999787,-0.08953 
0.009999999999999787,-0.08995 
0.009999999999999787,-0.09047 
0.019999999999999574,-0.09089 
0.019999999999999574,-0.09137 
0.019999999999999574,-0.09183 
0.019999999999999574,-0.09223 
0.019999999999999574,-0.09271 
0.019999999999999574,-0.09316 
0.019999999999999574,-0.09363 
0.019999999999999574,-0.09406 
0.019999999999999574,-0.09449 
0.019999999999999574,-0.09494 
0.02999999999999936,-0.09542 
0.02999999999999936,-0.09589 
0.02999999999999936,-0.09633 
0.02999999999999936,-0.09682 
0.02999999999999936,-0.09723 
0.02999999999999936,-0.09768 
0.02999999999999936,-0.09805 
0.02999999999999936,-0.09841 
0.02999999999999936,-0.09875 
0.02999999999999936,-0.09902 
0.040000000000000924,-0.09937 
0.040000000000000924,-0.09966 
0.040000000000000924,-0.1001 
0.040000000000000924,-0.1005 
0.040000000000000924,-0.1009 
0.040000000000000924,-0.1014 
0.040000000000000924,-0.1018 
0.040000000000000924,-0.1023 
0.040000000000000924,-0.1027 
0.040000000000000924,-0.1032 
0.05000000000000071,-0.1036 
0.05000000000000071,-0.104 
0.05000000000000071,-0.1045 
0.05000000000000071,-0.1048 
0.05000000000000071,-0.1052 
0.05000000000000071,-0.1055 
0.05000000000000071,-0.1058 
0.05000000000000071,-0.1062 
0.05000000000000071,-0.1065 
0.05000000000000071,-0.1068 
0.0600000000000005,-0.1071 
0.0600000000000005,-0.1074 
0.0600000000000005,-0.1076 
0.0600000000000005,-0.1079 
0.0600000000000005,-0.1082 
0.0600000000000005,-0.1084 
0.0600000000000005,-0.1087 
0.0600000000000005,-0.1089 
0.0600000000000005,-0.1092 
0.0600000000000005,-0.1095 
0.07000000000000028,-0.1099 
0.07000000000000028,-0.1102 
0.07000000000000028,-0.1106 
0.07000000000000028,-0.1109 
0.07000000000000028,-0.1113 
0.07000000000000028,-0.1117 
0.07000000000000028,-0.1121 
0.07000000000000028,-0.1125 
0.07000000000000028,-0.113 
0.07000000000000028,-0.1135 
0.08000000000000007,-0.1142 
0.08000000000000007,-0.1149 
0.08000000000000007,-0.1159 
0.08000000000000007,-0.1168 
0.08000000000000007,-0.1174 
0.08000000000000007,-0.1177 
0.08000000000000007,-0.1181 
0.08000000000000007,-0.1187 
0.08000000000000007,-0.1193 
0.08000000000000007,-0.1199 
0.08999999999999986,-0.1203 
0.08999999999999986,-0.1206 
0.08999999999999986,-0.1209 
0.08999999999999986,-0.121 
0.08999999999999986,-0.121 
0.08999999999999986,-0.1209 
0.08999999999999986,-0.1209 
0.08999999999999986,-0.1211 
0.08999999999999986,-0.1212 
0.08999999999999986,-0.1215 
0.09999999999999964,-0.1219 
0.09999999999999964,-0.1222 
0.09999999999999964,-0.1227 
0.09999999999999964,-0.1232 
0.09999999999999964,-0.1238 
0.09999999999999964,-0.1243 
0.09999999999999964,-0.1247 
0.09999999999999964,-0.1251 
0.09999999999999964,-0.1255 
0.09999999999999964,-0.1258 
0.10999999999999943,-0.1261 
0.10999999999999943,-0.1264 
0.10999999999999943,-0.1267 
0.10999999999999943,-0.127 
0.10999999999999943,-0.1273 
0.10999999999999943,-0.1276 
0.10999999999999943,-0.1279 
0.10999999999999943,-0.1282 
0.10999999999999943,-0.1285 
0.10999999999999943,-0.1288 
0.120000000000001,-0.1291 
0.120000000000001,-0.1294 
0.120000000000001,-0.1298 
0.120000000000001,-0.1301 
0.120000000000001,-0.1304 
0.120000000000001,-0.1308 
0.120000000000001,-0.1311 
0.120000000000001,-0.1314 
0.120000000000001,-0.1318 
0.13000000000000078,-0.1322 
0.13000000000000078,-0.1326 
0.13000000000000078,-0.1329 
0.13000000000000078,-0.1333 
0.13000000000000078,-0.1337 
0.13000000000000078,-0.1341 
0.13000000000000078,-0.1345 
0.13000000000000078,-0.1348 
0.13000000000000078,-0.1352 
0.13000000000000078,-0.1356 
0.14000000000000057,-0.1359 
0.14000000000000057,-0.1363 
0.14000000000000057,-0.1367 
0.14000000000000057,-0.1371 
0.14000000000000057,-0.1374 
0.14000000000000057,-0.1378 
0.14000000000000057,-0.1381 
0.14000000000000057,-0.1385 
0.14000000000000057,-0.1389 
0.14000000000000057,-0.1392 
0.15000000000000036,-0.1396 
0.15000000000000036,-0.1399 
0.15000000000000036,-0.1403 
0.15000000000000036,-0.1406 
0.15000000000000036,-0.141 
0.15000000000000036,-0.1413 
0.15000000000000036,-0.1416 
0.15000000000000036,-0.142 
0.15000000000000036,-0.1423 
0.15000000000000036,-0.1426 
0.16000000000000014,-0.1429 
0.16000000000000014,-0.1433 
0.16000000000000014,-0.1437 
0.16000000000000014,-0.144 
0.16000000000000014,-0.1444 
0.16000000000000014,-0.1447 
0.16000000000000014,-0.145 
0.16000000000000014,-0.1453 
0.16000000000000014,-0.1456 
0.16000000000000014,-0.1459 
0.16999999999999993,-0.1462 
0.16999999999999993,-0.1465 
0.16999999999999993,-0.1468 
0.16999999999999993,-0.147 
0.16999999999999993,-0.1473 
0.16999999999999993,-0.1475 
0.16999999999999993,-0.1478 
0.16999999999999993,-0.148 
0.16999999999999993,-0.1483 
0.16999999999999993,-0.1485 
0.17999999999999972,-0.1487 
0.17999999999999972,-0.149 
0.17999999999999972,-0.1492 
0.17999999999999972,-0.1495 
0.17999999999999972,-0.1497 
0.17999999999999972,-0.15 
0.17999999999999972,-0.1502 
0.17999999999999972,-0.1505 
0.17999999999999972,-0.1508 
0.17999999999999972,-0.151 
0.1899999999999995,-0.1513 
0.1899999999999995,-0.1516 
0.1899999999999995,-0.1519 
0.1899999999999995,-0.1522 
0.1899999999999995,-0.1525 
0.1899999999999995,-0.1528 
0.1899999999999995,-0.1531 
0.1899999999999995,-0.1534 
0.1899999999999995,-0.1537 
0.1899999999999995,-0.154 
0.1999999999999993,-0.1544 
0.1999999999999993,-0.1546 
0.1999999999999993,-0.155 
0.1999999999999993,-0.1553 
0.1999999999999993,-0.1556 
0.1999999999999993,-0.1559 
0.1999999999999993,-0.1562 
0.1999999999999993,-0.1565 
0.1999999999999993,-0.1568 
0.1999999999999993,-0.1572 
0.21000000000000085,-0.1574 
0.21000000000000085,-0.1578 
0.21000000000000085,-0.1581 
0.21000000000000085,-0.1584 
0.21000000000000085,-0.1587 
0.21000000000000085,-0.159 
0.21000000000000085,-0.1594 
0.21000000000000085,-0.1596 
0.21000000000000085,-0.16 
0.21000000000000085,-0.1603 
0.22000000000000064,-0.1606 
0.22000000000000064,-0.161 
0.22000000000000064,-0.1613 
0.22000000000000064,-0.1616 
0.22000000000000064,-0.1619 
0.22000000000000064,-0.1622 
0.22000000000000064,-0.1626 
0.22000000000000064,-0.1628 
0.22000000000000064,-0.1632 
0.22000000000000064,-0.1634 
0.23000000000000043,-0.1638 
0.23000000000000043,-0.1641 
0.23000000000000043,-0.1644 
0.23000000000000043,-0.1648 
0.23000000000000043,-0.1651 
0.23000000000000043,-0.1654 
0.23000000000000043,-0.1657 
0.23000000000000043,-0.166 
0.23000000000000043,-0.1664 
0.23000000000000043,-0.1667 
0.2400000000000002,-0.167 
0.2400000000000002,-0.1673 
0.2400000000000002,-0.1677 
0.2400000000000002,-0.168 
0.2400000000000002,-0.1683 
0.2400000000000002,-0.1686 
0.2400000000000002,-0.1689 
0.2400000000000002,-0.1693 
0.2400000000000002,-0.1696 
0.2400000000000002,-0.1699 
0.25,-0.1702 
0.25,-0.1705 
0.25,-0.1709 
0.25,-0.1712 
0.25,-0.1715 
0.25,-0.1718 
0.25,-0.1721 
0.25,-0.1724 
0.25,-0.1728 
0.25,-0.1731 
0.2599999999999998,-0.1734 
0.2599999999999998,-0.1738 
0.2599999999999998,-0.1741 
0.2599999999999998,-0.1744 
0.2599999999999998,-0.1747 
0.2599999999999998,-0.175 
0.2599999999999998,-0.1754 
0.2599999999999998,-0.1757 
0.2599999999999998,-0.176 
0.2599999999999998,-0.1763 
0.2699999999999996,-0.1767 
0.2699999999999996,-0.177 
0.2699999999999996,-0.1773 
0.2699999999999996,-0.1776 
0.2699999999999996,-0.1779 
0.2699999999999996,-0.1782 
0.2699999999999996,-0.1786 
0.2699999999999996,-0.1789 
0.2699999999999996,-0.1792 
0.2699999999999996,-0.1795 
0.27999999999999936,-0.1799 
0.27999999999999936,-0.1802 
0.27999999999999936,-0.1805 
0.27999999999999936,-0.1808 
0.27999999999999936,-0.1811 
0.27999999999999936,-0.1815 
0.27999999999999936,-0.1818 
0.27999999999999936,-0.1821 
0.27999999999999936,-0.1824 
0.27999999999999936,-0.1827 
0.2900000000000009,-0.183 
0.2900000000000009,-0.1834 
0.2900000000000009,-0.1837 
0.2900000000000009,-0.184 
0.2900000000000009,-0.1843 
0.2900000000000009,-0.1847 
0.2900000000000009,-0.185 
0.2900000000000009,-0.1853 
0.2900000000000009,-0.1856 
0.2900000000000009,-0.186 
0.3000000000000007,-0.1862 
0.3000000000000007,-0.1865 
0.3000000000000007,-0.1869 
0.3000000000000007,-0.1872 
0.3000000000000007,-0.1876 
0.3000000000000007,-0.1879 
0.3000000000000007,-0.1882 
0.3000000000000007,-0.1885 
0.3000000000000007,-0.1888 
0.3000000000000007,-0.1891 
0.3100000000000005,-0.1894 
0.3100000000000005,-0.1898 
0.3100000000000005,-0.1901 
0.3100000000000005,-0.1904 
0.3100000000000005,-0.1907 
0.3100000000000005,-0.191 
0.3100000000000005,-0.1913 
0.3100000000000005,-0.1917 
0.3100000000000005,-0.192 
0.3100000000000005,-0.1923 
0.3200000000000003,-0.1926 
0.3200000000000003,-0.1929 
0.3200000000000003,-0.1933 
0.3200000000000003,-0.1936 
0.3200000000000003,-0.1939 
0.3200000000000003,-0.1943 
0.3200000000000003,-0.1946 
0.3200000000000003,-0.1949 
0.3200000000000003,-0.1952 
0.3200000000000003,-0.1955 
0.33000000000000007,-0.1958 
0.33000000000000007,-0.1961 
0.33000000000000007,-0.1964 
0.33000000000000007,-0.1967 
0.33000000000000007,-0.1971 
0.33000000000000007,-0.1974 
0.33000000000000007,-0.1977 
0.33000000000000007,-0.198 
0.33000000000000007,-0.1983 
0.33000000000000007,-0.1987 
0.33999999999999986,-0.199 
0.33999999999999986,-0.1993 
0.33999999999999986,-0.1996 
0.33999999999999986,-0.1999 
0.33999999999999986,-0.2003 
0.33999999999999986,-0.2006 
0.33999999999999986,-0.2009 
0.33999999999999986,-0.2012 
0.33999999999999986,-0.2015 
0.33999999999999986,-0.2018 
0.34999999999999964,-0.2021 
0.34999999999999964,-0.2024 
0.34999999999999964,-0.2028 
0.34999999999999964,-0.2031 
0.34999999999999964,-0.2034 
0.34999999999999964,-0.2037 
0.34999999999999964,-0.204 
0.34999999999999964,-0.2043 
0.34999999999999964,-0.2047 
0.34999999999999964,-0.205 
0.35999999999999943,-0.2052 
0.35999999999999943,-0.2056 
0.35999999999999943,-0.2059 
0.35999999999999943,-0.2062 
0.35999999999999943,-0.2065 
0.35999999999999943,-0.2068 
0.35999999999999943,-0.2072 
0.35999999999999943,-0.2075 
0.35999999999999943,-0.2078 
0.35999999999999943,-0.2081 
0.370000000000001,-0.2084 
0.370000000000001,-0.2087 
0.370000000000001,-0.209 
0.370000000000001,-0.2094 
0.370000000000001,-0.2097 
0.370000000000001,-0.21 
0.370000000000001,-0.2103 
0.370000000000001,-0.2106 
0.370000000000001,-0.2109 
0.370000000000001,-0.2112 
0.3800000000000008,-0.2116 
0.3800000000000008,-0.2119 
0.3800000000000008,-0.2122 
0.3800000000000008,-0.2125 
0.3800000000000008,-0.2129 
0.3800000000000008,-0.2132 
0.3800000000000008,-0.2135 
0.3800000000000008,-0.2138 
0.3800000000000008,-0.2141 
0.3800000000000008,-0.2144 
0.39000000000000057,-0.2147 
0.39000000000000057,-0.215 
0.39000000000000057,-0.2153 
0.39000000000000057,-0.2156 
0.39000000000000057,-0.216 
0.39000000000000057,-0.2163 
0.39000000000000057,-0.2166 
0.39000000000000057,-0.2169 
0.39000000000000057,-0.2172 
0.39000000000000057,-0.2175 
0.40000000000000036,-0.2178 
0.40000000000000036,-0.2182 
0.40000000000000036,-0.2185 
0.40000000000000036,-0.2188 
0.40000000000000036,-0.2191 
0.40000000000000036,-0.2194 
0.40000000000000036,-0.2197 
0.40000000000000036,-0.22 
0.40000000000000036,-0.2204 
0.40000000000000036,-0.2207 
0.41000000000000014,-0.221 
0.41000000000000014,-0.2213 
0.41000000000000014,-0.2216 
0.41000000000000014,-0.2219 
0.41000000000000014,-0.2222 
0.41000000000000014,-0.2225 
0.41000000000000014,-0.2229 
0.41000000000000014,-0.2231 
0.41000000000000014,-0.2235 
0.41000000000000014,-0.2238 
0.41999999999999993,-0.2241 
0.41999999999999993,-0.2244 
0.41999999999999993,-0.2248 
0.41999999999999993,-0.225 
0.41999999999999993,-0.2253 
0.41999999999999993,-0.2256 
0.41999999999999993,-0.2259 
0.41999999999999993,-0.2263 
0.41999999999999993,-0.2266 
0.41999999999999993,-0.2269 
0.4299999999999997,-0.2272 
0.4299999999999997,-0.2275 
0.4299999999999997,-0.2278 
0.4299999999999997,-0.2281 
0.4299999999999997,-0.2284 
0.4299999999999997,-0.2287 
0.4299999999999997,-0.229 
0.4299999999999997,-0.2294 
0.4299999999999997,-0.2297 
0.4299999999999997,-0.23 
0.4399999999999995,-0.2303 
0.4399999999999995,-0.2307 
0.4399999999999995,-0.2309 
0.4399999999999995,-0.2313 
0.4399999999999995,-0.2316 
0.4399999999999995,-0.2319 
0.4399999999999995,-0.2322 
0.4399999999999995,-0.2325 
0.4399999999999995,-0.2328 
0.4399999999999995,-0.2331 
0.4499999999999993,-0.2334 
0.4499999999999993,-0.2337 
0.4499999999999993,-0.234 
0.4499999999999993,-0.2344 
0.4499999999999993,-0.2346 
0.4499999999999993,-0.2349 
0.4499999999999993,-0.2352 
0.4499999999999993,-0.2356 
0.4499999999999993,-0.2359 
0.4499999999999993,-0.2362 
0.46000000000000085,-0.2365 
0.46000000000000085,-0.2368 
0.46000000000000085,-0.2371 
0.46000000000000085,-0.2374 
0.46000000000000085,-0.2377 
0.46000000000000085,-0.2381 
0.46000000000000085,-0.2384 
0.46000000000000085,-0.2387 
0.46000000000000085,-0.239 
0.46000000000000085,-0.2392 
0.47000000000000064,-0.2396 
0.47000000000000064,-0.2399 
0.47000000000000064,-0.2402 
0.47000000000000064,-0.2405 
0.47000000000000064,-0.2408 
0.47000000000000064,-0.2411 
0.47000000000000064,-0.2414 
0.47000000000000064,-0.2417 
0.47000000000000064,-0.242 
0.47000000000000064,-0.2423 
0.4800000000000004,-0.2426 
0.4800000000000004,-0.2429 
0.4800000000000004,-0.2432 
0.4800000000000004,-0.2435 
0.4800000000000004,-0.2439 
0.4800000000000004,-0.2442 
0.4800000000000004,-0.2445 
0.4800000000000004,-0.2448 
0.4800000000000004,-0.2451 
0.4800000000000004,-0.2454 
0.4900000000000002,-0.2457 
0.4900000000000002,-0.246 
0.4900000000000002,-0.2463 
0.4900000000000002,-0.2466 
0.4900000000000002,-0.2469 
0.4900000000000002,-0.2472 
0.4900000000000002,-0.2475 
0.4900000000000002,-0.2478 
0.4900000000000002,-0.2481 
0.4900000000000002,-0.2484 
0.5,-0.2488 
0.5,-0.249 
0.5,-0.2494 
0.5,-0.2497 
0.5,-0.25 
0.5,-0.2503 
0.5,-0.2506 
0.5,-0.2509 
0.5,-0.2512 
0.5,-0.2515 
0.5099999999999998,-0.2518 
0.5099999999999998,-0.2521 
0.5099999999999998,-0.2524 
0.5099999999999998,-0.2527 
0.5099999999999998,-0.253 
0.5099999999999998,-0.2533 
0.5099999999999998,-0.2536 
0.5099999999999998,-0.254 
0.5099999999999998,-0.2543 
0.5099999999999998,-0.2546 
0.5199999999999996,-0.2548 
0.5199999999999996,-0.2552 
0.5199999999999996,-0.2555 
0.5199999999999996,-0.2558 
0.5199999999999996,-0.2561 
0.5199999999999996,-0.2564 
0.5199999999999996,-0.2567 
0.5199999999999996,-0.257 
0.5199999999999996,-0.2573 
0.5199999999999996,-0.2576 
0.5299999999999994,-0.2579 
0.5299999999999994,-0.2582 
0.5299999999999994,-0.2585 
0.5299999999999994,-0.2588 
0.5299999999999994,-0.2591 
0.5299999999999994,-0.2594 
0.5299999999999994,-0.2598 
0.5299999999999994,-0.26 
0.5299999999999994,-0.2603 
0.5299999999999994,-0.2606 
0.5400000000000009,-0.2609 
0.5400000000000009,-0.2613 
0.5400000000000009,-0.2615 
0.5400000000000009,-0.2619 
0.5400000000000009,-0.2621 
0.5400000000000009,-0.2625 
0.5400000000000009,-0.2628 
0.5400000000000009,-0.2631 
0.5400000000000009,-0.2634 
0.5400000000000009,-0.2636 
0.5500000000000007,-0.264 
0.5500000000000007,-0.2643 
0.5500000000000007,-0.2645 
0.5500000000000007,-0.2649 
0.5500000000000007,-0.2651 
0.5500000000000007,-0.2655 
0.5500000000000007,-0.2657 
0.5500000000000007,-0.2661 
0.5500000000000007,-0.2663 
0.5500000000000007,-0.2667 
0.5600000000000005,-0.267 
0.5600000000000005,-0.2673 
0.5600000000000005,-0.2676 
0.5600000000000005,-0.2679 
0.5600000000000005,-0.2682 
0.5600000000000005,-0.2685 
0.5600000000000005,-0.2688 
0.5600000000000005,-0.2691 
0.5600000000000005,-0.2694 
0.5600000000000005,-0.2697 
0.5700000000000003,-0.27 
0.5700000000000003,-0.2703 
0.5700000000000003,-0.2706 
0.5700000000000003,-0.2709 
0.5700000000000003,-0.2712 
0.5700000000000003,-0.2715 
0.5700000000000003,-0.2718 
0.5700000000000003,-0.2721 
0.5700000000000003,-0.2724 
0.5700000000000003,-0.2727 
0.5800000000000001,-0.273 
0.5800000000000001,-0.2733 
0.5800000000000001,-0.2736 
0.5800000000000001,-0.2739 
0.5800000000000001,-0.2742 
0.5800000000000001,-0.2745 
0.5800000000000001,-0.2748 
0.5800000000000001,-0.2751 
0.5800000000000001,-0.2754 
0.5800000000000001,-0.2757 
0.5899999999999999,-0.276 
0.5899999999999999,-0.2763 
0.5899999999999999,-0.2766 
0.5899999999999999,-0.2769 
0.5899999999999999,-0.2772 
0.5899999999999999,-0.2775 
0.5899999999999999,-0.2778 
0.5899999999999999,-0.2781 
0.5899999999999999,-0.2784 
0.5899999999999999,-0.2787 
0.5999999999999996,-0.279 
0.5999999999999996,-0.2793 
0.5999999999999996,-0.2796 
0.5999999999999996,-0.2799 
0.5999999999999996,-0.2802 
0.5999999999999996,-0.2804 
0.5999999999999996,-0.2807 
0.5999999999999996,-0.2811 
0.5999999999999996,-0.2814 
0.5999999999999996,-0.2816 
0.6099999999999994,-0.2819 
0.6099999999999994,-0.2822 
0.6099999999999994,-0.2825 
0.6099999999999994,-0.2828 
0.6099999999999994,-0.2831 
0.6099999999999994,-0.2834 
0.6099999999999994,-0.2837 
0.6099999999999994,-0.284 
0.6099999999999994,-0.2843 
0.6099999999999994,-0.2846 
0.620000000000001,-0.2849 
0.620000000000001,-0.2852 
0.620000000000001,-0.2855 
0.620000000000001,-0.2858 
0.620000000000001,-0.2861 
0.620000000000001,-0.2864 
0.620000000000001,-0.2867 
0.620000000000001,-0.287 
0.620000000000001,-0.2873 
0.620000000000001,-0.2876 
0.6300000000000008,-0.2879 
0.6300000000000008,-0.2882 
0.6300000000000008,-0.2885 
0.6300000000000008,-0.2888 
0.6300000000000008,-0.2891 
0.6300000000000008,-0.2894 
0.6300000000000008,-0.2897 
0.6300000000000008,-0.29 
0.6300000000000008,-0.2903 
0.6300000000000008,-0.2906 
0.6400000000000006,-0.2909 
0.6400000000000006,-0.2911 
0.6400000000000006,-0.2914 
0.6400000000000006,-0.2917 
0.6400000000000006,-0.292 
0.6400000000000006,-0.2924 
0.6400000000000006,-0.2926 
0.6400000000000006,-0.293 
0.6400000000000006,-0.2932 
0.6400000000000006,-0.2935 
0.6500000000000004,-0.2938 
0.6500000000000004,-0.2941 
0.6500000000000004,-0.2944 
0.6500000000000004,-0.2947 
0.6500000000000004,-0.295 
0.6500000000000004,-0.2953 
0.6500000000000004,-0.2956 
0.6500000000000004,-0.2958 
0.6500000000000004,-0.2962 
0.6500000000000004,-0.2965 
0.6600000000000001,-0.2968 
0.6600000000000001,-0.2971 
0.6600000000000001,-0.2973 
0.6600000000000001,-0.2976 
0.6600000000000001,-0.298 
0.6600000000000001,-0.2982 
0.6600000000000001,-0.2986 
0.6600000000000001,-0.2988 
0.6600000000000001,-0.2991 
0.6600000000000001,-0.2994 
0.6699999999999999,-0.2997 
0.6699999999999999,-0.3 
0.6699999999999999,-0.3003 
0.6699999999999999,-0.3006 
0.6699999999999999,-0.3009 
0.6699999999999999,-0.3012 
0.6699999999999999,-0.3015 
0.6699999999999999,-0.3018 
0.6699999999999999,-0.3021 
0.6699999999999999,-0.3023 
0.6799999999999997,-0.3027 
0.6799999999999997,-0.3029 
0.6799999999999997,-0.3032 
0.6799999999999997,-0.3035 
0.6799999999999997,-0.3038 
0.6799999999999997,-0.3041 
0.6799999999999997,-0.3044 
0.6799999999999997,-0.3047 
0.6799999999999997,-0.305 
0.6799999999999997,-0.3053 
0.6899999999999995,-0.3056 
0.6899999999999995,-0.3059 
0.6899999999999995,-0.3062 
0.6899999999999995,-0.3064 
0.6899999999999995,-0.3067 
0.6899999999999995,-0.307 
0.6899999999999995,-0.3073 
0.6899999999999995,-0.3077 
0.6899999999999995,-0.3079 
0.6899999999999995,-0.3082 
0.6999999999999993,-0.3085 
0.6999999999999993,-0.3088 
0.6999999999999993,-0.3091 
0.6999999999999993,-0.3094 
0.6999999999999993,-0.3097 
0.6999999999999993,-0.31 
0.6999999999999993,-0.3103 
0.6999999999999993,-0.3106 
0.6999999999999993,-0.3108 
0.6999999999999993,-0.3111 
0.7100000000000009,-0.3114 
0.7100000000000009,-0.3117 
0.7100000000000009,-0.312 
0.7100000000000009,-0.3123 
0.7100000000000009,-0.3126 
0.7100000000000009,-0.3129 
0.7100000000000009,-0.3132 
0.7100000000000009,-0.3135 
0.7100000000000009,-0.3138 
0.7100000000000009,-0.314 
0.7200000000000006,-0.3143 
0.7200000000000006,-0.3146 
0.7200000000000006,-0.3149 
0.7200000000000006,-0.3152 
0.7200000000000006,-0.3155 
0.7200000000000006,-0.3158 
0.7200000000000006,-0.3161 
0.7200000000000006,-0.3164 
0.7200000000000006,-0.3166 
0.7200000000000006,-0.3169 
0.7300000000000004,-0.3173 
0.7300000000000004,-0.3175 
0.7300000000000004,-0.3178 
0.7300000000000004,-0.3181 
0.7300000000000004,-0.3184 
0.7300000000000004,-0.3187 
0.7300000000000004,-0.319 
0.7300000000000004,-0.3193 
0.7300000000000004,-0.3195 
0.7300000000000004,-0.3198 
0.7400000000000002,-0.3201 
0.7400000000000002,-0.3204 
0.7400000000000002,-0.3207 
0.7400000000000002,-0.321 
0.7400000000000002,-0.3213 
0.7400000000000002,-0.3215 
0.7400000000000002,-0.3219 
0.7400000000000002,-0.3221 
0.7400000000000002,-0.3224 
0.7400000000000002,-0.3227 
0.75,-0.323 
0.75,-0.3233 
0.75,-0.3236 
0.75,-0.3239 
0.75,-0.3242 
0.75,-0.3244 
0.75,-0.3247 
0.75,-0.325 
0.75,-0.3253 
0.75,-0.3256 
0.7599999999999998,-0.3258 
0.7599999999999998,-0.3262 
0.7599999999999998,-0.3264 
0.7599999999999998,-0.3268 
0.7599999999999998,-0.327 
0.7599999999999998,-0.3273 
0.7599999999999998,-0.3276 
0.7599999999999998,-0.3279 
0.7599999999999998,-0.3282 
0.7599999999999998,-0.3285 
0.7699999999999996,-0.3288 
0.7699999999999996,-0.329 
0.7699999999999996,-0.3293 
0.7699999999999996,-0.3296 
0.7699999999999996,-0.3299 
0.7699999999999996,-0.3302 
0.7699999999999996,-0.3305 
0.7699999999999996,-0.3308 
0.7699999999999996,-0.3311 
0.7699999999999996,-0.3313 
0.7799999999999994,-0.3316 
0.7799999999999994,-0.3319 
0.7799999999999994,-0.3322 
0.7799999999999994,-0.3325 
0.7799999999999994,-0.3328 
0.7799999999999994,-0.3331 
0.7799999999999994,-0.3333 
0.7799999999999994,-0.3337 
0.7799999999999994,-0.3339 
0.7799999999999994,-0.3342 
0.7900000000000009,-0.3345 
0.7900000000000009,-0.3348 
0.7900000000000009,-0.3351 
0.7900000000000009,-0.3353 
0.7900000000000009,-0.3356 
0.7900000000000009,-0.3359 
0.7900000000000009,-0.3362 
0.7900000000000009,-0.3365 
0.7900000000000009,-0.3368 
0.7900000000000009,-0.3371 
0.8000000000000007,-0.3373 
0.8000000000000007,-0.3376 
0.8000000000000007,-0.3379 
0.8000000000000007,-0.3382 
0.8000000000000007,-0.3385 
0.8000000000000007,-0.3388 
0.8000000000000007,-0.3391 
0.8000000000000007,-0.3394 
0.8000000000000007,-0.3397 
0.8000000000000007,-0.3399 
0.8100000000000005,-0.3402 
0.8100000000000005,-0.3405 
0.8100000000000005,-0.3408 
0.8100000000000005,-0.3411 
0.8100000000000005,-0.3413 
0.8100000000000005,-0.3416 
0.8100000000000005,-0.3419 
0.8100000000000005,-0.3422 
0.8100000000000005,-0.3425 
0.8100000000000005,-0.3428 
0.8200000000000003,-0.3431 
0.8200000000000003,-0.3433 
0.8200000000000003,-0.3436 
0.8200000000000003,-0.3439 
0.8200000000000003,-0.3442 
0.8200000000000003,-0.3445 
0.8200000000000003,-0.3447 
0.8200000000000003,-0.3451 
0.8200000000000003,-0.3453 
0.8200000000000003,-0.3456 
0.8300000000000001,-0.3459 
0.8300000000000001,-0.3462 
0.8300000000000001,-0.3465 
0.8300000000000001,-0.3467 
0.8300000000000001,-0.347 
0.8300000000000001,-0.3473 
0.8300000000000001,-0.3475 
0.8300000000000001,-0.3479 
0.8300000000000001,-0.3481 
0.8300000000000001,-0.3484 
0.8399999999999999,-0.3487 
0.8399999999999999,-0.349 
0.8399999999999999,-0.3493 
0.8399999999999999,-0.3496 
0.8399999999999999,-0.3499 
0.8399999999999999,-0.3501 
0.8399999999999999,-0.3505 
0.8399999999999999,-0.3507 
0.8399999999999999,-0.351 
0.8399999999999999,-0.3513 
0.8499999999999996,-0.3516 
0.8499999999999996,-0.3518 
0.8499999999999996,-0.3521 
0.8499999999999996,-0.3524 
0.8499999999999996,-0.3527 
0.8499999999999996,-0.353 
0.8499999999999996,-0.3532 
0.8499999999999996,-0.3535 
0.8499999999999996,-0.3538 
0.8499999999999996,-0.3541 
0.8599999999999994,-0.3544 
0.8599999999999994,-0.3546 
0.8599999999999994,-0.3549 
0.8599999999999994,-0.3552 
0.8599999999999994,-0.3555 
0.8599999999999994,-0.3558 
0.8599999999999994,-0.3561 
0.8599999999999994,-0.3564 
0.8599999999999994,-0.3566 
0.8599999999999994,-0.3569 
0.870000000000001,-0.3572 
0.870000000000001,-0.3575 
0.870000000000001,-0.3578 
0.870000000000001,-0.358 
0.870000000000001,-0.3583 
0.870000000000001,-0.3586 
0.870000000000001,-0.3588 
0.870000000000001,-0.3591 
0.870000000000001,-0.3594 
0.870000000000001,-0.3597 
0.8800000000000008,-0.3599 
0.8800000000000008,-0.3603 
0.8800000000000008,-0.3605 
0.8800000000000008,-0.3608 
0.8800000000000008,-0.3611 
0.8800000000000008,-0.3614 
0.8800000000000008,-0.3617 
0.8800000000000008,-0.3619 
0.8800000000000008,-0.3622 
0.8800000000000008,-0.3625 
0.8900000000000006,-0.3627 
0.8900000000000006,-0.3631 
0.8900000000000006,-0.3633 
0.8900000000000006,-0.3636 
0.8900000000000006,-0.3638 
0.8900000000000006,-0.3641 
0.8900000000000006,-0.3644 
0.8900000000000006,-0.3647 
0.8900000000000006,-0.365 
0.8900000000000006,-0.3652 
0.9000000000000004,-0.3655 
0.9000000000000004,-0.3658 
0.9000000000000004,-0.3661 
0.9000000000000004,-0.3664 
0.9000000000000004,-0.3666 
0.9000000000000004,-0.367 
0.9000000000000004,-0.3672 
0.9000000000000004,-0.3675 
0.9000000000000004,-0.3678 
0.9000000000000004,-0.368 
0.9100000000000001,-0.3684 
0.9100000000000001,-0.3686 
0.9100000000000001,-0.3689 
0.9100000000000001,-0.3692 
0.9100000000000001,-0.3695 
0.9100000000000001,-0.3697 
0.9100000000000001,-0.37 
0.9100000000000001,-0.3703 
0.9100000000000001,-0.3706 
0.9100000000000001,-0.3709 
0.9199999999999999,-0.3711 
0.9199999999999999,-0.3714 
0.9199999999999999,-0.3717 
0.9199999999999999,-0.372 
0.9199999999999999,-0.3723 
0.9199999999999999,-0.3725 
0.9199999999999999,-0.3728 
0.9199999999999999,-0.3731 
0.9199999999999999,-0.3733 
0.9199999999999999,-0.3736 
0.9299999999999997,-0.3739 
0.9299999999999997,-0.3742 
0.9299999999999997,-0.3744 
0.9299999999999997,-0.3747 
0.9299999999999997,-0.375 
0.9299999999999997,-0.3753 
0.9299999999999997,-0.3756 
0.9299999999999997,-0.3758 
0.9299999999999997,-0.3761 
0.9299999999999997,-0.3764 
0.9399999999999995,-0.3767 
0.9399999999999995,-0.3769 
0.9399999999999995,-0.3772 
0.9399999999999995,-0.3775 
0.9399999999999995,-0.3778 
0.9399999999999995,-0.3781 
0.9399999999999995,-0.3783 
0.9399999999999995,-0.3786 
0.9399999999999995,-0.3789 
0.9399999999999995,-0.3792 
0.9499999999999993,-0.3795 
0.9499999999999993,-0.3797 
0.9499999999999993,-0.38 
0.9499999999999993,-0.3803 
0.9499999999999993,-0.3805 
0.9499999999999993,-0.3808 
0.9499999999999993,-0.3811 
0.9499999999999993,-0.3814 
0.9499999999999993,-0.3816 
0.9499999999999993,-0.3819 
0.9600000000000009,-0.3822 
0.9600000000000009,-0.3825 
0.9600000000000009,-0.3828 
0.9600000000000009,-0.383 
0.9600000000000009,-0.3833 
0.9600000000000009,-0.3836 
0.9600000000000009,-0.3838 
0.9600000000000009,-0.3842 
0.9600000000000009,-0.3844 
0.9600000000000009,-0.3847 
0.9700000000000006,-0.3849 
0.9700000000000006,-0.3852 
0.9700000000000006,-0.3855 
0.9700000000000006,-0.3858 
0.9700000000000006,-0.3861 
0.9700000000000006,-0.3863 
0.9700000000000006,-0.3866 
0.9700000000000006,-0.3869 
0.9700000000000006,-0.3872 
0.9700000000000006,-0.3874 
0.9800000000000004,-0.3877 
0.9800000000000004,-0.388 
0.9800000000000004,-0.3882 
0.9800000000000004,-0.3885 
0.9800000000000004,-0.3888 
0.9800000000000004,-0.3891 
0.9800000000000004,-0.3894 
0.9800000000000004,-0.3896 
0.9800000000000004,-0.3899 
0.9800000000000004,-0.3902 
0.9900000000000002,-0.3904 
0.9900000000000002,-0.3907 
0.9900000000000002,-0.391 
0.9900000000000002,-0.3913 
0.9900000000000002,-0.3915 
0.9900000000000002,-0.3919 
0.9900000000000002,-0.3921 
0.9900000000000002,-0.3924 
0.9900000000000002,-0.3926 
0.9900000000000002,-0.3929 
1.0,-0.3932 
1.0,-0.3934 
1.0,-0.3937 
1.0,-0.394 
1.0,-0.3943 
1.0,-0.3946 
1.0,-0.3948 
1.0,-0.3951 
1.0,-0.3954 
1.0,-0.3956 
1.0099999999999998,-0.3959 
1.0099999999999998,-0.3961 
1.0099999999999998,-0.3964 
1.0099999999999998,-0.3967 
1.0099999999999998,-0.397 
1.0099999999999998,-0.3973 
1.0099999999999998,-0.3975 
1.0099999999999998,-0.3978 
1.0099999999999998,-0.398 
1.0099999999999998,-0.3984 
1.0199999999999996,-0.3986 
1.0199999999999996,-0.3989 
1.0199999999999996,-0.3991 
1.0199999999999996,-0.3994 
1.0199999999999996,-0.3997 
1.0199999999999996,-0.3999 
1.0199999999999996,-0.4002 
1.0199999999999996,-0.4005 
1.0199999999999996,-0.4008 
1.0199999999999996,-0.401 
1.0299999999999994,-0.4013 
1.0299999999999994,-0.4016 
1.0299999999999994,-0.4018 
1.0299999999999994,-0.4022 
1.0299999999999994,-0.4024 
1.0299999999999994,-0.4027 
1.0299999999999994,-0.4029 
1.0299999999999994,-0.4032 
1.0299999999999994,-0.4035 
1.0299999999999994,-0.4037 
1.040000000000001,-0.404 
1.040000000000001,-0.4043 
1.040000000000001,-0.4045 
1.040000000000001,-0.4048 
1.040000000000001,-0.4051 
1.040000000000001,-0.4054 
1.040000000000001,-0.4056 
1.040000000000001,-0.406 
1.040000000000001,-0.4062 
1.040000000000001,-0.4064 
1.0500000000000007,-0.4067 
1.0500000000000007,-0.407 
1.0500000000000007,-0.4073 
1.0500000000000007,-0.4075 
1.0500000000000007,-0.4078 
1.0500000000000007,-0.4081 
1.0500000000000007,-0.4084 
1.0500000000000007,-0.4086 
1.0500000000000007,-0.4089 
1.0500000000000007,-0.4092 
1.0600000000000005,-0.4094 
1.0600000000000005,-0.4097 
1.0600000000000005,-0.41 
1.0600000000000005,-0.4103 
1.0600000000000005,-0.4105 
1.0600000000000005,-0.4108 
1.0600000000000005,-0.4111 
1.0600000000000005,-0.4113 
1.0600000000000005,-0.4116 
1.0600000000000005,-0.4119 
1.0700000000000003,-0.4121 
1.0700000000000003,-0.4124 
1.0700000000000003,-0.4127 
1.0700000000000003,-0.413 
1.0700000000000003,-0.4132 
1.0700000000000003,-0.4134 
1.0700000000000003,-0.4137 
1.0700000000000003,-0.414 
1.0700000000000003,-0.4143 
1.0700000000000003,-0.4145 
1.08,-0.4148 
1.08,-0.4151 
1.08,-0.4153 
1.08,-0.4156 
1.08,-0.4159 
1.08,-0.4162 
1.08,-0.4164 
1.08,-0.4167 
1.08,-0.417 
1.08,-0.4172 
1.0899999999999999,-0.4175 
1.0899999999999999,-0.4178 
1.0899999999999999,-0.4181 
1.0899999999999999,-0.4183 
1.0899999999999999,-0.4186 
1.0899999999999999,-0.4188 
1.0899999999999999,-0.4191 
1.0899999999999999,-0.4194 
1.0899999999999999,-0.4196 
1.0899999999999999,-0.4199 
1.0999999999999996,-0.4202 
1.0999999999999996,-0.4204 
1.0999999999999996,-0.4207 
1.0999999999999996,-0.421 
1.0999999999999996,-0.4213 
1.0999999999999996,-0.4215 
1.0999999999999996,-0.4218 
1.0999999999999996,-0.422 
1.0999999999999996,-0.4223 
1.0999999999999996,-0.4226 
1.1099999999999994,-0.4228 
1.1099999999999994,-0.4231 
1.1099999999999994,-0.4234 
1.1099999999999994,-0.4236 
1.1099999999999994,-0.4239 
1.1099999999999994,-0.4242 
1.1099999999999994,-0.4245 
1.1099999999999994,-0.4247 
1.1099999999999994,-0.4249 
1.1099999999999994,-0.4252 
1.120000000000001,-0.4255 
1.120000000000001,-0.4257 
1.120000000000001,-0.426 
1.120000000000001,-0.4263 
1.120000000000001,-0.4266 
1.120000000000001,-0.4269 
1.120000000000001,-0.4271 
1.120000000000001,-0.4274 
1.120000000000001,-0.4277 
1.120000000000001,-0.4279 
1.1300000000000008,-0.4282 
1.1300000000000008,-0.4284 
1.1300000000000008,-0.4287 
1.1300000000000008,-0.429 
1.1300000000000008,-0.4292 
1.1300000000000008,-0.4295 
1.1300000000000008,-0.4298 
1.1300000000000008,-0.4301 
1.1300000000000008,-0.4303 
1.1300000000000008,-0.4306 
1.1400000000000006,-0.4308 
1.1400000000000006,-0.4311 
1.1400000000000006,-0.4314 
1.1400000000000006,-0.4316 
1.1400000000000006,-0.4319 
1.1400000000000006,-0.4321 
1.1400000000000006,-0.4324 
1.1400000000000006,-0.4327 
1.1400000000000006,-0.4329 
1.1400000000000006,-0.4332 
1.1500000000000004,-0.4335 
1.1500000000000004,-0.4337 
1.1500000000000004,-0.434 
1.1500000000000004,-0.4343 
1.1500000000000004,-0.4345 
1.1500000000000004,-0.4348 
1.1500000000000004,-0.4351 
1.1500000000000004,-0.4353 
1.1500000000000004,-0.4356 
1.1500000000000004,-0.4359 
1.1600000000000001,-0.4361 
1.1600000000000001,-0.4364 
1.1600000000000001,-0.4367 
1.1600000000000001,-0.4369 
1.1600000000000001,-0.4371 
1.1600000000000001,-0.4374 
1.1600000000000001,-0.4377 
1.1600000000000001,-0.4379 
1.1600000000000001,-0.4382 
1.1600000000000001,-0.4384 
1.17,-0.4387 
1.17,-0.439 
1.17,-0.4393 
1.17,-0.4395 
1.17,-0.4398 
1.17,-0.4401 
1.17,-0.4403 
1.17,-0.4405 
1.17,-0.4408 
1.17,-0.4411 
1.1799999999999997,-0.4414 
1.1799999999999997,-0.4416 
1.1799999999999997,-0.4419 
1.1799999999999997,-0.4421 
1.1799999999999997,-0.4424 
1.1799999999999997,-0.4427 
1.1799999999999997,-0.4429 
1.1799999999999997,-0.4432 
1.1799999999999997,-0.4434 
1.1799999999999997,-0.4437 
1.1899999999999995,-0.444 
1.1899999999999995,-0.4442 
1.1899999999999995,-0.4445 
1.1899999999999995,-0.4447 
1.1899999999999995,-0.445 
1.1899999999999995,-0.4453 
1.1899999999999995,-0.4456 
1.1899999999999995,-0.4458 
1.1899999999999995,-0.4461 
1.1899999999999995,-0.4463 
1.1999999999999993,-0.4466 
1.1999999999999993,-0.4469 
1.1999999999999993,-0.4471 
1.1999999999999993,-0.4474 
1.1999999999999993,-0.4477 
1.1999999999999993,-0.4479 
1.1999999999999993,-0.4482 
1.1999999999999993,-0.4484 
1.1999999999999993,-0.4487 
1.1999999999999993,-0.4489 
1.2100000000000009,-0.4492 
1.2100000000000009,-0.4495 
1.2100000000000009,-0.4497 
1.2100000000000009,-0.45 
1.2100000000000009,-0.4503 
1.2100000000000009,-0.4506 
1.2100000000000009,-0.4508 
1.2100000000000009,-0.451 
1.2100000000000009,-0.4513 
1.2100000000000009,-0.4516 
1.2200000000000006,-0.4518 
1.2200000000000006,-0.4521 
1.2200000000000006,-0.4523 
1.2200000000000006,-0.4526 
1.2200000000000006,-0.4529 
1.2200000000000006,-0.4531 
1.2200000000000006,-0.4534 
1.2200000000000006,-0.4537 
1.2200000000000006,-0.4539 
1.2200000000000006,-0.4542 
1.2300000000000004,-0.4544 
1.2300000000000004,-0.4547 
1.2300000000000004,-0.455 
1.2300000000000004,-0.4552 
1.2300000000000004,-0.4555 
1.2300000000000004,-0.4557 
1.2300000000000004,-0.456 
1.2300000000000004,-0.4562 
1.2300000000000004,-0.4565 
1.2300000000000004,-0.4568 
1.2400000000000002,-0.457 
1.2400000000000002,-0.4573 
1.2400000000000002,-0.4575 
1.2400000000000002,-0.4578 
1.2400000000000002,-0.4581 
1.2400000000000002,-0.4583 
1.2400000000000002,-0.4586 
1.2400000000000002,-0.4588 
1.2400000000000002,-0.4591 
1.2400000000000002,-0.4594 
1.25,-0.4596 
1.25,-0.4599 
1.25,-0.4601 
1.25,-0.4604 
1.25,-0.4606 
1.25,-0.4609 
1.25,-0.4612 
1.25,-0.4614 
1.25,-0.4617 
1.25,-0.4619 
1.2599999999999998,-0.4622 
1.2599999999999998,-0.4624 
1.2599999999999998,-0.4627 
1.2599999999999998,-0.463 
1.2599999999999998,-0.4632 
1.2599999999999998,-0.4635 
1.2599999999999998,-0.4637 
1.2599999999999998,-0.464 
1.2599999999999998,-0.4642 
1.2599999999999998,-0.4645 
1.2699999999999996,-0.4648 
1.2699999999999996,-0.465 
1.2699999999999996,-0.4653 
1.2699999999999996,-0.4655 
1.2699999999999996,-0.4658 
1.2699999999999996,-0.4661 
1.2699999999999996,-0.4664 
1.2699999999999996,-0.4666 
1.2699999999999996,-0.4668 
1.2699999999999996,-0.4671 
1.2799999999999994,-0.4674 
1.2799999999999994,-0.4676 
1.2799999999999994,-0.4679 
1.2799999999999994,-0.4682 
1.2799999999999994,-0.4684 
1.2799999999999994,-0.4687 
1.2799999999999994,-0.4689 
1.2799999999999994,-0.4692 
1.2799999999999994,-0.4694 
1.2799999999999994,-0.4697 
1.290000000000001,-0.4699 
1.290000000000001,-0.4702 
1.290000000000001,-0.4704 
1.290000000000001,-0.4707 
1.290000000000001,-0.471 
1.290000000000001,-0.4712 
1.290000000000001,-0.4715 
1.290000000000001,-0.4717 
1.290000000000001,-0.472 
1.290000000000001,-0.4722 
1.3000000000000007,-0.4725 
1.3000000000000007,-0.4727 
1.3000000000000007,-0.473 
1.3000000000000007,-0.4733 
1.3000000000000007,-0.4735 
1.3000000000000007,-0.4738 
1.3000000000000007,-0.474 
1.3000000000000007,-0.4743 
1.3000000000000007,-0.4746 
1.3000000000000007,-0.4748 
1.3100000000000005,-0.4751 
1.3100000000000005,-0.4753 
1.3100000000000005,-0.4756 
1.3100000000000005,-0.4758 
1.3100000000000005,-0.4761 
1.3100000000000005,-0.4763 
1.3100000000000005,-0.4766 
1.3100000000000005,-0.4768 
1.3100000000000005,-0.4771 
1.3100000000000005,-0.4773 
1.3200000000000003,-0.4776 
1.3200000000000003,-0.4778 
1.3200000000000003,-0.4781 
1.3200000000000003,-0.4784 
1.3200000000000003,-0.4786 
1.3200000000000003,-0.4789 
1.3200000000000003,-0.4791 
1.3200000000000003,-0.4794 
1.3200000000000003,-0.4796 
1.3200000000000003,-0.4799 
1.33,-0.4801 
1.33,-0.4804 
1.33,-0.4806 
1.33,-0.4809 
1.33,-0.4811 
1.33,-0.4814 
1.33,-0.4817 
1.33,-0.4819 
1.33,-0.4822 
1.33,-0.4824 
1.3399999999999999,-0.4826 
1.3399999999999999,-0.4829 
1.3399999999999999,-0.4832 
1.3399999999999999,-0.4835 
1.3399999999999999,-0.4837 
1.3399999999999999,-0.4839 
1.3399999999999999,-0.4842 
1.3399999999999999,-0.4845 
1.3399999999999999,-0.4847 
1.3399999999999999,-0.4849 
1.3499999999999996,-0.4852 
1.3499999999999996,-0.4855 
1.3499999999999996,-0.4857 
1.3499999999999996,-0.486 
1.3499999999999996,-0.4862 
1.3499999999999996,-0.4865 
1.3499999999999996,-0.4867 
1.3499999999999996,-0.487 
1.3499999999999996,-0.4872 
1.3499999999999996,-0.4875 
1.3599999999999994,-0.4877 
1.3599999999999994,-0.488 
1.3599999999999994,-0.4883 
1.3599999999999994,-0.4885 
1.3599999999999994,-0.4888 
1.3599999999999994,-0.489 
1.3599999999999994,-0.4893 
1.3599999999999994,-0.4896 
1.3599999999999994,-0.4898 
1.3599999999999994,-0.4901 
1.370000000000001,-0.4903 
1.370000000000001,-0.4905 
1.370000000000001,-0.4908 
1.370000000000001,-0.491 
1.370000000000001,-0.4913 
1.370000000000001,-0.4915 
1.370000000000001,-0.4918 
1.370000000000001,-0.492 
1.370000000000001,-0.4923 
1.370000000000001,-0.4925 
1.3800000000000008,-0.4928 
1.3800000000000008,-0.4931 
1.3800000000000008,-0.4933 
1.3800000000000008,-0.4936 
1.3800000000000008,-0.4938 
1.3800000000000008,-0.4941 
1.3800000000000008,-0.4943 
1.3800000000000008,-0.4946 
1.3800000000000008,-0.4949 
1.3800000000000008,-0.4951 
1.3900000000000006,-0.4953 
1.3900000000000006,-0.4956 
1.3900000000000006,-0.4958 
1.3900000000000006,-0.4961 
1.3900000000000006,-0.4963 
1.3900000000000006,-0.4966 
1.3900000000000006,-0.4968 
1.3900000000000006,-0.4971 
1.3900000000000006,-0.4973 
1.3900000000000006,-0.4976 
1.4000000000000004,-0.4979 
1.4000000000000004,-0.4981 
1.4000000000000004,-0.4983 
1.4000000000000004,-0.4986 
1.4000000000000004,-0.4988 
1.4000000000000004,-0.4991 
1.4000000000000004,-0.4994 
1.4000000000000004,-0.4996 
1.4000000000000004,-0.4999 
1.4000000000000004,-0.5001 
1.4100000000000001,-0.5004 
1.4100000000000001,-0.5006 
1.4100000000000001,-0.5009 
1.4100000000000001,-0.5011 
1.4100000000000001,-0.5014 
1.4100000000000001,-0.5016 
1.4100000000000001,-0.5019 
1.4100000000000001,-0.5021 
1.4100000000000001,-0.5024 
1.4100000000000001,-0.5026 
1.42,-0.5028 
1.42,-0.5031 
1.42,-0.5034 
1.42,-0.5036 
1.42,-0.5039 
1.42,-0.5041 
1.42,-0.5044 
1.42,-0.5046 
1.42,-0.5049 
1.42,-0.5051 
1.4299999999999997,-0.5054 
1.4299999999999997,-0.5057 
1.4299999999999997,-0.5059 
1.4299999999999997,-0.5062 
1.4299999999999997,-0.5064 
1.4299999999999997,-0.5066 
1.4299999999999997,-0.5069 
1.4299999999999997,-0.5071 
1.4299999999999997,-0.5074 
1.4299999999999997,-0.5076 
1.4399999999999995,-0.5079 
1.4399999999999995,-0.5081 
1.4399999999999995,-0.5084 
1.4399999999999995,-0.5086 
1.4399999999999995,-0.5089 
1.4399999999999995,-0.5092 
1.4399999999999995,-0.5094 
1.4399999999999995,-0.5097 
1.4399999999999995,-0.5099 
1.4399999999999995,-0.5101 
1.4499999999999993,-0.5104 
1.4499999999999993,-0.5106 
1.4499999999999993,-0.5109 
1.4499999999999993,-0.5111 
1.4499999999999993,-0.5113 
1.4499999999999993,-0.5116 
1.4499999999999993,-0.5119 
1.4499999999999993,-0.5121 
1.4499999999999993,-0.5124 
1.4499999999999993,-0.5126 
1.4600000000000009,-0.5129 
1.4600000000000009,-0.5131 
1.4600000000000009,-0.5133 
1.4600000000000009,-0.5136 
1.4600000000000009,-0.5139 
1.4600000000000009,-0.5141 
1.4600000000000009,-0.5144 
1.4600000000000009,-0.5146 
1.4600000000000009,-0.5149 
1.4600000000000009,-0.5151 
1.4700000000000006,-0.5153 
1.4700000000000006,-0.5156 
1.4700000000000006,-0.5158 
1.4700000000000006,-0.5161 
1.4700000000000006,-0.5163 
1.4700000000000006,-0.5166 
1.4700000000000006,-0.5168 
1.4700000000000006,-0.517 
1.4700000000000006,-0.5173 
1.4700000000000006,-0.5175 
1.4800000000000004,-0.5178 
1.4800000000000004,-0.5181 
1.4800000000000004,-0.5183 
1.4800000000000004,-0.5186 
1.4800000000000004,-0.5188 
1.4800000000000004,-0.5191 
1.4800000000000004,-0.5193 
1.4800000000000004,-0.5195 
1.4800000000000004,-0.5198 
1.4800000000000004,-0.52 
1.4900000000000002,-0.5203 
1.4900000000000002,-0.5205 
1.4900000000000002,-0.5208 
1.4900000000000002,-0.521 
1.4900000000000002,-0.5213 
1.4900000000000002,-0.5215 
1.4900000000000002,-0.5218 
1.4900000000000002,-0.5221 
1.4900000000000002,-0.5223 
1.4900000000000002,-0.5225 
1.5,-0.5227 
1.5,-0.523 
1.5,-0.5233 
1.5,-0.5235 
1.5,-0.5238 
1.5,-0.524 
1.5,-0.5242 
1.5,-0.5245 
1.5,-0.5247 
1.5,-0.525 
1.5099999999999998,-0.5252 
1.5099999999999998,-0.5255 
1.5099999999999998,-0.5257 
1.5099999999999998,-0.526 
1.5099999999999998,-0.5262 
1.5099999999999998,-0.5265 
1.5099999999999998,-0.5267 
1.5099999999999998,-0.527 
1.5099999999999998,-0.5272 
1.5099999999999998,-0.5275 
1.5199999999999996,-0.5277 
1.5199999999999996,-0.528 
1.5199999999999996,-0.5282 
1.5199999999999996,-0.5285 
1.5199999999999996,-0.5287 
1.5199999999999996,-0.5289 
1.5199999999999996,-0.5292 
1.5199999999999996,-0.5294 
1.5199999999999996,-0.5297 
1.5199999999999996,-0.5299 
1.5299999999999994,-0.5302 
1.5299999999999994,-0.5304 
1.5299999999999994,-0.5307 
1.5299999999999994,-0.5309 
1.5299999999999994,-0.5311 
1.5299999999999994,-0.5314 
1.5299999999999994,-0.5316 
1.5299999999999994,-0.5319 
1.5299999999999994,-0.5321 
1.5299999999999994,-0.5324 
1.540000000000001,-0.5326 
1.540000000000001,-0.5329 
1.540000000000001,-0.5331 
1.540000000000001,-0.5334 
1.540000000000001,-0.5336 
1.540000000000001,-0.5339 
1.540000000000001,-0.5341 
1.540000000000001,-0.5344 
1.540000000000001,-0.5346 
1.540000000000001,-0.5349 
1.5500000000000007,-0.5351 
1.5500000000000007,-0.5353 
1.5500000000000007,-0.5356 
1.5500000000000007,-0.5358 
1.5500000000000007,-0.5361 
1.5500000000000007,-0.5363 
1.5500000000000007,-0.5366 
1.5500000000000007,-0.5368 
1.5500000000000007,-0.5371 
1.5500000000000007,-0.5373 
1.5600000000000005,-0.5376 
1.5600000000000005,-0.5378 
1.5600000000000005,-0.538 
1.5600000000000005,-0.5383 
1.5600000000000005,-0.5385 
1.5600000000000005,-0.5388 
1.5600000000000005,-0.539 
1.5600000000000005,-0.5392 
1.5600000000000005,-0.5395 
1.5600000000000005,-0.5397 
1.5700000000000003,-0.54 
1.5700000000000003,-0.5402 
1.5700000000000003,-0.5404 
1.5700000000000003,-0.5408 
1.5700000000000003,-0.5409 
1.5700000000000003,-0.5412 
1.5700000000000003,-0.5415 
1.5700000000000003,-0.5417 
1.5700000000000003,-0.5419 
1.5700000000000003,-0.5422 
1.58,-0.5424 
1.58,-0.5426 
1.58,-0.5429 
1.58,-0.5431 
1.58,-0.5434 
1.58,-0.5436 
1.58,-0.5439 
1.58,-0.5442 
1.58,-0.5444 
1.58,-0.5446 
1.5899999999999999,-0.5449 
1.5899999999999999,-0.5451 
1.5899999999999999,-0.5454 
1.5899999999999999,-0.5456 
1.5899999999999999,-0.5459 
1.5899999999999999,-0.5461 
1.5899999999999999,-0.5463 
1.5899999999999999,-0.5466 
1.5899999999999999,-0.5468 
1.5899999999999999,-0.5471 
1.5999999999999996,-0.5473 
1.5999999999999996,-0.5475 
1.5999999999999996,-0.5478 
1.5999999999999996,-0.5481 
1.5999999999999996,-0.5483 
1.5999999999999996,-0.5485 
1.5999999999999996,-0.5488 
1.5999999999999996,-0.549 
1.5999999999999996,-0.5493 
1.5999999999999996,-0.5495 
1.6099999999999994,-0.5497 
1.6099999999999994,-0.55 
1.6099999999999994,-0.5502 
1.6099999999999994,-0.5505 
1.6099999999999994,-0.5507 
1.6099999999999994,-0.5509 
1.6099999999999994,-0.5512 
1.6099999999999994,-0.5514 
1.6099999999999994,-0.5517 
1.6099999999999994,-0.5519 
1.620000000000001,-0.5522 
1.620000000000001,-0.5524 
1.620000000000001,-0.5526 
1.620000000000001,-0.5529 
1.620000000000001,-0.5531 
1.620000000000001,-0.5534 
1.620000000000001,-0.5536 
1.620000000000001,-0.5539 
1.620000000000001,-0.5541 
1.620000000000001,-0.5543 
1.6300000000000008,-0.5546 
1.6300000000000008,-0.5548 
1.6300000000000008,-0.555 
1.6300000000000008,-0.5553 
1.6300000000000008,-0.5555 
1.6300000000000008,-0.5557 
1.6300000000000008,-0.556 
1.6300000000000008,-0.5562 
1.6300000000000008,-0.5565 
1.6300000000000008,-0.5567 
1.6400000000000006,-0.5569 
1.6400000000000006,-0.5572 
1.6400000000000006,-0.5574 
1.6400000000000006,-0.5577 
1.6400000000000006,-0.558 
1.6400000000000006,-0.5581 
1.6400000000000006,-0.5584 
1.6400000000000006,-0.5586 
1.6400000000000006,-0.5589 
1.6400000000000006,-0.5592 
1.6500000000000004,-0.5593 
1.6500000000000004,-0.5596 
1.6500000000000004,-0.5598 
1.6500000000000004,-0.5601 
1.6500000000000004,-0.5603 
1.6500000000000004,-0.5605 
1.6500000000000004,-0.5608 
1.6500000000000004,-0.561 
1.6500000000000004,-0.5613 
1.6500000000000004,-0.5615 
1.6600000000000001,-0.5617 
1.6600000000000001,-0.562 
1.6600000000000001,-0.5622 
1.6600000000000001,-0.5625 
1.6600000000000001,-0.5627 
1.6600000000000001,-0.563 
1.6600000000000001,-0.5632 
1.6600000000000001,-0.5634 
1.6600000000000001,-0.5637 
1.6600000000000001,-0.5639 
1.67,-0.5642 
1.67,-0.5644 
1.67,-0.5647 
1.67,-0.5649 
1.67,-0.5651 
1.67,-0.5654 
1.67,-0.5656 
1.67,-0.5659 
1.67,-0.5661 
1.67,-0.5663 
1.6799999999999997,-0.5666 
1.6799999999999997,-0.5668 
1.6799999999999997,-0.5671 
1.6799999999999997,-0.5673 
1.6799999999999997,-0.5676 
1.6799999999999997,-0.5678 
1.6799999999999997,-0.568 
1.6799999999999997,-0.5682 
1.6799999999999997,-0.5685 
1.6799999999999997,-0.5687 
1.6899999999999995,-0.569 
1.6899999999999995,-0.5692 
1.6899999999999995,-0.5694 
1.6899999999999995,-0.5697 
1.6899999999999995,-0.5699 
1.6899999999999995,-0.5701 
1.6899999999999995,-0.5704 
1.6899999999999995,-0.5706 
1.6899999999999995,-0.5708 
1.6899999999999995,-0.5711 
1.6999999999999993,-0.5713 
1.6999999999999993,-0.5716 
1.6999999999999993,-0.5718 
1.6999999999999993,-0.5721 
1.6999999999999993,-0.5723 
1.6999999999999993,-0.5725 
1.6999999999999993,-0.5728 
1.6999999999999993,-0.573 
1.6999999999999993,-0.5733 
1.6999999999999993,-0.5735 
1.7100000000000009,-0.5737 
1.7100000000000009,-0.574 
1.7100000000000009,-0.5742 
1.7100000000000009,-0.5744 
1.7100000000000009,-0.5747 
1.7100000000000009,-0.575 
1.7100000000000009,-0.5752 
1.7100000000000009,-0.5754 
1.7100000000000009,-0.5757 
1.7100000000000009,-0.5759 
1.7200000000000006,-0.5761 
1.7200000000000006,-0.5763 
1.7200000000000006,-0.5766 
1.7200000000000006,-0.5768 
1.7200000000000006,-0.5771 
1.7200000000000006,-0.5773 
1.7200000000000006,-0.5776 
1.7200000000000006,-0.5778 
1.7200000000000006,-0.578 
1.7200000000000006,-0.5783 
1.7300000000000004,-0.5785 
1.7300000000000004,-0.5787 
1.7300000000000004,-0.5789 
1.7300000000000004,-0.5792 
1.7300000000000004,-0.5795 
1.7300000000000004,-0.5797 
1.7300000000000004,-0.5799 
1.7300000000000004,-0.5802 
1.7300000000000004,-0.5804 
1.7300000000000004,-0.5806 
1.7400000000000002,-0.5809 
1.7400000000000002,-0.5811 
1.7400000000000002,-0.5813 
1.7400000000000002,-0.5815 
1.7400000000000002,-0.5818 
1.7400000000000002,-0.582 
1.7400000000000002,-0.5823 
1.7400000000000002,-0.5825 
1.7400000000000002,-0.5828 
1.7400000000000002,-0.583 
1.75,-0.5832 
1.75,-0.5834 
1.75,-0.5837 
1.75,-0.584 
1.75,-0.5841 
1.75,-0.5844 
1.75,-0.5846 
1.75,-0.5849 
1.75,-0.5851 
1.75,-0.5853 
1.7599999999999998,-0.5856 
1.7599999999999998,-0.5858 
1.7599999999999998,-0.5861 
1.7599999999999998,-0.5863 
1.7599999999999998,-0.5865 
1.7599999999999998,-0.5868 
1.7599999999999998,-0.587 
1.7599999999999998,-0.5873 
1.7599999999999998,-0.5875 
1.7599999999999998,-0.5877 
1.7699999999999996,-0.588 
1.7699999999999996,-0.5882 
1.7699999999999996,-0.5885 
1.7699999999999996,-0.5887 
1.7699999999999996,-0.5889 
1.7699999999999996,-0.5891 
1.7699999999999996,-0.5894 
1.7699999999999996,-0.5896 
1.7699999999999996,-0.5899 
1.7699999999999996,-0.5901 
1.7799999999999994,-0.5903 
1.7799999999999994,-0.5905 
1.7799999999999994,-0.5908 
1.7799999999999994,-0.591 
1.7799999999999994,-0.5913 
1.7799999999999994,-0.5915 
1.7799999999999994,-0.5918 
1.7799999999999994,-0.592 
1.7799999999999994,-0.5922 
1.7799999999999994,-0.5924 
1.790000000000001,-0.5926 
1.790000000000001,-0.5929 
1.790000000000001,-0.5931 
1.790000000000001,-0.5934 
1.790000000000001,-0.5936 
1.790000000000001,-0.5938 
1.790000000000001,-0.5941 
1.790000000000001,-0.5943 
1.790000000000001,-0.5945 
1.790000000000001,-0.5947 
1.8000000000000007,-0.595 
1.8000000000000007,-0.5952 
1.8000000000000007,-0.5955 
1.8000000000000007,-0.5957 
1.8000000000000007,-0.5959 
1.8000000000000007,-0.5962 
1.8000000000000007,-0.5964 
1.8000000000000007,-0.5966 
1.8000000000000007,-0.5969 
1.8000000000000007,-0.5971 
1.8100000000000005,-0.5973 
1.8100000000000005,-0.5976 
1.8100000000000005,-0.5978 
1.8100000000000005,-0.598 
1.8100000000000005,-0.5983 
1.8100000000000005,-0.5985 
1.8100000000000005,-0.5987 
1.8100000000000005,-0.599 
1.8100000000000005,-0.5992 
1.8100000000000005,-0.5994 
1.8200000000000003,-0.5996 
1.8200000000000003,-0.5999 
1.8200000000000003,-0.6001 
1.8200000000000003,-0.6003 
1.8200000000000003,-0.6006 
1.8200000000000003,-0.6008 
1.8200000000000003,-0.6011 
1.8200000000000003,-0.6013 
1.8200000000000003,-0.6015 
1.8200000000000003,-0.6018 
1.83,-0.602 
1.83,-0.6022 
1.83,-0.6024 
1.83,-0.6027 
1.83,-0.6029 
1.83,-0.6032 
1.83,-0.6034 
1.83,-0.6036 
1.83,-0.6039 
1.83,-0.6041 
1.8399999999999999,-0.6043 
1.8399999999999999,-0.6045 
1.8399999999999999,-0.6048 
1.8399999999999999,-0.6051 
1.8399999999999999,-0.6053 
1.8399999999999999,-0.6055 
1.8399999999999999,-0.6057 
1.8399999999999999,-0.606 
1.8399999999999999,-0.6062 
1.8399999999999999,-0.6064 
1.8499999999999996,-0.6067 
1.8499999999999996,-0.6069 
1.8499999999999996,-0.6071 
1.8499999999999996,-0.6074 
1.8499999999999996,-0.6076 
1.8499999999999996,-0.6078 
1.8499999999999996,-0.6081 
1.8499999999999996,-0.6083 
1.8499999999999996,-0.6085 
1.8499999999999996,-0.6087 
1.8599999999999994,-0.609 
1.8599999999999994,-0.6092 
1.8599999999999994,-0.6095 
1.8599999999999994,-0.6097 
1.8599999999999994,-0.6099 
1.8599999999999994,-0.6101 
1.8599999999999994,-0.6104 
1.8599999999999994,-0.6106 
1.8599999999999994,-0.6108 
1.8599999999999994,-0.6111 
1.870000000000001,-0.6113 
1.870000000000001,-0.6115 
1.870000000000001,-0.6117 
1.870000000000001,-0.612 
1.870000000000001,-0.6122 
1.870000000000001,-0.6125 
1.870000000000001,-0.6127 
1.870000000000001,-0.6129 
1.870000000000001,-0.6132 
1.870000000000001,-0.6134 
1.8800000000000008,-0.6136 
1.8800000000000008,-0.6139 
1.8800000000000008,-0.6141 
1.8800000000000008,-0.6143 
1.8800000000000008,-0.6146 
1.8800000000000008,-0.6148 
1.8800000000000008,-0.615 
1.8800000000000008,-0.6152 
1.8800000000000008,-0.6155 
1.8800000000000008,-0.6157 
1.8900000000000006,-0.6159 
1.8900000000000006,-0.6161 
1.8900000000000006,-0.6164 
1.8900000000000006,-0.6166 
1.8900000000000006,-0.6168 
1.8900000000000006,-0.6171 
1.8900000000000006,-0.6173 
1.8900000000000006,-0.6175 
1.8900000000000006,-0.6178 
1.8900000000000006,-0.618 
1.9000000000000004,-0.6182 
1.9000000000000004,-0.6184 
1.9000000000000004,-0.6187 
1.9000000000000004,-0.6189 
1.9000000000000004,-0.6191 
1.9000000000000004,-0.6194 
1.9000000000000004,-0.6196 
1.9000000000000004,-0.6199 
1.9000000000000004,-0.6201 
1.9000000000000004,-0.6203 
1.9100000000000001,-0.6205 
1.9100000000000001,-0.6208 
1.9100000000000001,-0.621 
1.9100000000000001,-0.6212 
1.9100000000000001,-0.6215 
1.9100000000000001,-0.6217 
1.9100000000000001,-0.6219 
1.9100000000000001,-0.6221 
1.9100000000000001,-0.6224 
1.9100000000000001,-0.6226 
1.92,-0.6228 
1.92,-0.6231 
1.92,-0.6233 
1.92,-0.6235 
1.92,-0.6238 
1.92,-0.624 
1.92,-0.6243 
1.92,-0.6244 
1.92,-0.6247 
1.92,-0.6249 
1.9299999999999997,-0.6251 
1.9299999999999997,-0.6254 
1.9299999999999997,-0.6256 
1.9299999999999997,-0.6259 
1.9299999999999997,-0.6261 
1.9299999999999997,-0.6263 
1.9299999999999997,-0.6265 
1.9299999999999997,-0.6267 
1.9299999999999997,-0.627 
1.9299999999999997,-0.6272 
1.9399999999999995,-0.6275 
1.9399999999999995,-0.6277 
1.9399999999999995,-0.6279 
1.9399999999999995,-0.6281 
1.9399999999999995,-0.6284 
1.9399999999999995,-0.6286 
1.9399999999999995,-0.6288 
1.9399999999999995,-0.6291 
1.9399999999999995,-0.6293 
1.9399999999999995,-0.6295 
1.9499999999999993,-0.6297 
1.9499999999999993,-0.63 
1.9499999999999993,-0.6302 
1.9499999999999993,-0.6304 
1.9499999999999993,-0.6306 
1.9499999999999993,-0.6309 
1.9499999999999993,-0.6311 
1.9499999999999993,-0.6314 
1.9499999999999993,-0.6316 
1.9499999999999993,-0.6318 
1.9600000000000009,-0.632 
1.9600000000000009,-0.6322 
1.9600000000000009,-0.6325 
1.9600000000000009,-0.6327 
1.9600000000000009,-0.6329 
1.9600000000000009,-0.6331 
1.9600000000000009,-0.6334 
1.9600000000000009,-0.6336 
1.9600000000000009,-0.6338 
1.9600000000000009,-0.634 
1.9700000000000006,-0.6343 
1.9700000000000006,-0.6345 
1.9700000000000006,-0.6347 
1.9700000000000006,-0.635 
1.9700000000000006,-0.6352 
1.9700000000000006,-0.6354 
1.9700000000000006,-0.6357 
1.9700000000000006,-0.6359 
1.9700000000000006,-0.6361 
1.9700000000000006,-0.6363 
1.9800000000000004,-0.6365 
1.9800000000000004,-0.6368 
1.9800000000000004,-0.637 
1.9800000000000004,-0.6373 
1.9800000000000004,-0.6375 
1.9800000000000004,-0.6377 
1.9800000000000004,-0.6379 
1.9800000000000004,-0.6381 
1.9800000000000004,-0.6384 
1.9800000000000004,-0.6386 
1.9900000000000002,-0.6388 
1.9900000000000002,-0.639 
1.9900000000000002,-0.6393 
1.9900000000000002,-0.6395 
1.9900000000000002,-0.6397 
1.9900000000000002,-0.6399 
1.9900000000000002,-0.6402 
1.9900000000000002,-0.6404 
1.9900000000000002,-0.6406 
1.9900000000000002,-0.6408 
2.0,-0.6411 
2.0,-0.6413 
2.0,-0.6416 
2.0,-0.6418 
2.0,-0.642 
2.0,-0.6422 
2.0,-0.6425 
2.0,-0.6427 
2.0,-0.6429 
2.0,-0.6432 
2.01,-0.6434 
2.01,-0.6436 
2.01,-0.6438 
2.01,-0.644 
2.01,-0.6443 
2.01,-0.6445 
2.01,-0.6448 
2.01,-0.645 
2.01,-0.6452 
2.01,-0.6454 
2.0199999999999996,-0.6456 
2.0199999999999996,-0.6459 
2.0199999999999996,-0.6461 
2.0199999999999996,-0.6464 
2.0199999999999996,-0.6465 
2.0199999999999996,-0.6468 
2.0199999999999996,-0.647 
2.0199999999999996,-0.6472 
2.0199999999999996,-0.6474 
2.0199999999999996,-0.6477 
2.0299999999999994,-0.6479 
2.0299999999999994,-0.6481 
2.0299999999999994,-0.6483 
2.0299999999999994,-0.6486 
2.0299999999999994,-0.6488 
2.0299999999999994,-0.649 
2.0299999999999994,-0.6492 
2.0299999999999994,-0.6495 
2.0299999999999994,-0.6497 
2.0299999999999994,-0.6499 
2.040000000000001,-0.6501 
2.040000000000001,-0.6503 
2.040000000000001,-0.6506 
2.040000000000001,-0.6508 
2.040000000000001,-0.651 
2.040000000000001,-0.6513 
2.040000000000001,-0.6515 
2.040000000000001,-0.6518 
2.040000000000001,-0.652 
2.040000000000001,-0.6522 
2.0500000000000007,-0.6524 
2.0500000000000007,-0.6526 
2.0500000000000007,-0.6529 
2.0500000000000007,-0.6531 
2.0500000000000007,-0.6533 
2.0500000000000007,-0.6535 
2.0500000000000007,-0.6537 
2.0500000000000007,-0.654 
2.0500000000000007,-0.6542 
2.0500000000000007,-0.6544 
2.0600000000000005,-0.6547 
2.0600000000000005,-0.6549 
2.0600000000000005,-0.6551 
2.0600000000000005,-0.6554 
2.0600000000000005,-0.6556 
2.0600000000000005,-0.6558 
2.0600000000000005,-0.656 
2.0600000000000005,-0.6562 
2.0600000000000005,-0.6565 
2.0600000000000005,-0.6567 
2.0700000000000003,-0.6569 
2.0700000000000003,-0.6571 
2.0700000000000003,-0.6573 
2.0700000000000003,-0.6576 
2.0700000000000003,-0.6578 
2.0700000000000003,-0.658 
2.0700000000000003,-0.6582 
2.0700000000000003,-0.6585 
2.0700000000000003,-0.6587 
2.0700000000000003,-0.6589 
2.08,-0.6591 
2.08,-0.6594 
2.08,-0.6596 
2.08,-0.6598 
2.08,-0.66 
2.08,-0.6603 
2.08,-0.6605 
2.08,-0.6607 
2.08,-0.6609 
2.08,-0.6612 
2.09,-0.6614 
2.09,-0.6616 
2.09,-0.6618 
2.09,-0.662 
2.09,-0.6623 
2.09,-0.6625 
2.09,-0.6627 
2.09,-0.6629 
2.09,-0.6632 
2.09,-0.6635 
2.0999999999999996,-0.6636 
2.0999999999999996,-0.6638 
2.0999999999999996,-0.6641 
2.0999999999999996,-0.6643 
2.0999999999999996,-0.6646 
2.0999999999999996,-0.6648 
2.0999999999999996,-0.665 
2.0999999999999996,-0.6652 
2.0999999999999996,-0.6654 
2.0999999999999996,-0.6657 
2.1099999999999994,-0.6659 
2.1099999999999994,-0.6661 
2.1099999999999994,-0.6663 
2.1099999999999994,-0.6665 
2.1099999999999994,-0.6667 
2.1099999999999994,-0.667 
2.1099999999999994,-0.6672 
2.1099999999999994,-0.6674 
2.1099999999999994,-0.6677 
2.1099999999999994,-0.6679 
2.120000000000001,-0.6681 
2.120000000000001,-0.6683 
2.120000000000001,-0.6685 
2.120000000000001,-0.6688 
2.120000000000001,-0.669 
2.120000000000001,-0.6692 
2.120000000000001,-0.6694 
2.120000000000001,-0.6696 
2.120000000000001,-0.6699 
2.120000000000001,-0.6701 
2.130000000000001,-0.6703 
2.130000000000001,-0.6705 
2.130000000000001,-0.6708 
2.130000000000001,-0.671 
2.130000000000001,-0.6712 
2.130000000000001,-0.6714 
2.130000000000001,-0.6716 
2.130000000000001,-0.6719 
2.130000000000001,-0.6721 
2.130000000000001,-0.6723 
2.1400000000000006,-0.6725 
2.1400000000000006,-0.6727 
2.1400000000000006,-0.673 
2.1400000000000006,-0.6732 
2.1400000000000006,-0.6734 
2.1400000000000006,-0.6736 
2.1400000000000006,-0.6738 
2.1400000000000006,-0.6741 
2.1400000000000006,-0.6743 
2.1400000000000006,-0.6745 
2.1500000000000004,-0.6747 
2.1500000000000004,-0.675 
2.1500000000000004,-0.6752 
2.1500000000000004,-0.6754 
2.1500000000000004,-0.6756 
2.1500000000000004,-0.6758 
2.1500000000000004,-0.6761 
2.1500000000000004,-0.6763 
2.1500000000000004,-0.6765 
2.1500000000000004,-0.6767 
2.16,-0.6769 
2.16,-0.6772 
2.16,-0.6774 
2.16,-0.6776 
2.16,-0.6778 
2.16,-0.678 
2.16,-0.6783 
2.16,-0.6785 
2.16,-0.6787 
2.16,-0.6789 
2.17,-0.6792 
2.17,-0.6794 
2.17,-0.6796 
2.17,-0.6798 
2.17,-0.68 
2.17,-0.6803 
2.17,-0.6805 
2.17,-0.6807 
2.17,-0.6809 
2.17,-0.6811 
2.1799999999999997,-0.6814 
2.1799999999999997,-0.6816 
2.1799999999999997,-0.6818 
2.1799999999999997,-0.682 
2.1799999999999997,-0.6822 
2.1799999999999997,-0.6825 
2.1799999999999997,-0.6827 
2.1799999999999997,-0.6829 
2.1799999999999997,-0.6831 
2.1799999999999997,-0.6834 
2.1899999999999995,-0.6836 
2.1899999999999995,-0.6838 
2.1899999999999995,-0.684 
2.1899999999999995,-0.6842 
2.1899999999999995,-0.6845 
2.1899999999999995,-0.6847 
2.1899999999999995,-0.6849 
2.1899999999999995,-0.6851 
2.1899999999999995,-0.6853 
2.1899999999999995,-0.6856 
2.1999999999999993,-0.6858 
2.1999999999999993,-0.686 
2.1999999999999993,-0.6862 
2.1999999999999993,-0.6865 
2.1999999999999993,-0.6867 
2.1999999999999993,-0.6869 
2.1999999999999993,-0.6871 
2.1999999999999993,-0.6873 
2.1999999999999993,-0.6876 
2.1999999999999993,-0.6878 
2.210000000000001,-0.688 
2.210000000000001,-0.6882 
2.210000000000001,-0.6884 
2.210000000000001,-0.6887 
2.210000000000001,-0.6888 
2.210000000000001,-0.6891 
2.210000000000001,-0.6893 
2.210000000000001,-0.6895 
2.210000000000001,-0.6897 
2.210000000000001,-0.69 
2.2200000000000006,-0.6902 
2.2200000000000006,-0.6904 
2.2200000000000006,-0.6906 
2.2200000000000006,-0.6908 
2.2200000000000006,-0.691 
2.2200000000000006,-0.6913 
2.2200000000000006,-0.6915 
2.2200000000000006,-0.6918 
2.2200000000000006,-0.6919 
2.2200000000000006,-0.6922 
2.2300000000000004,-0.6924 
2.2300000000000004,-0.6926 
2.2300000000000004,-0.6928 
2.2300000000000004,-0.693 
2.2300000000000004,-0.6933 
2.2300000000000004,-0.6935 
2.2300000000000004,-0.6937 
2.2300000000000004,-0.6939 
2.2300000000000004,-0.6941 
2.2300000000000004,-0.6944 
2.24,-0.6945 
2.24,-0.6948 
2.24,-0.695 
2.24,-0.6952 
2.24,-0.6954 
2.24,-0.6957 
2.24,-0.6959 
2.24,-0.6961 
2.24,-0.6963 
2.24,-0.6965 
2.25,-0.6967 
2.25,-0.697 
2.25,-0.6972 
2.25,-0.6974 
2.25,-0.6976 
2.25,-0.6978 
2.25,-0.6981 
2.25,-0.6983 
2.25,-0.6985 
2.25,-0.6987 
2.26,-0.6989 
2.26,-0.6991 
2.26,-0.6994 
2.26,-0.6996 
2.26,-0.6998 
2.26,-0.7001 
2.26,-0.7002 
2.26,-0.7005 
2.26,-0.7007 
2.26,-0.7009 
2.2699999999999996,-0.7011 
2.2699999999999996,-0.7013 
2.2699999999999996,-0.7016 
2.2699999999999996,-0.7018 
2.2699999999999996,-0.702 
2.2699999999999996,-0.7022 
2.2699999999999996,-0.7024 
2.2699999999999996,-0.7027 
2.2699999999999996,-0.7029 
2.2699999999999996,-0.7031 
2.2799999999999994,-0.7033 
2.2799999999999994,-0.7035 
2.2799999999999994,-0.7037 
2.2799999999999994,-0.704 
2.2799999999999994,-0.7042 
2.2799999999999994,-0.7044 
2.2799999999999994,-0.7047 
2.2799999999999994,-0.7048 
2.2799999999999994,-0.705 
2.2799999999999994,-0.7053 
2.290000000000001,-0.7055 
2.290000000000001,-0.7057 
2.290000000000001,-0.7059 
2.290000000000001,-0.7061 
2.290000000000001,-0.7064 
2.290000000000001,-0.7066 
2.290000000000001,-0.7068 
2.290000000000001,-0.707 
2.290000000000001,-0.7072 
2.290000000000001,-0.7074 
2.3000000000000007,-0.7076 
2.3000000000000007,-0.7078 
2.3000000000000007,-0.7081 
2.3000000000000007,-0.7083 
2.3000000000000007,-0.7085 
2.3000000000000007,-0.7088 
2.3000000000000007,-0.7089 
2.3000000000000007,-0.7092 
2.3000000000000007,-0.7094 
2.3000000000000007,-0.7096 
2.3100000000000005,-0.7098 
2.3100000000000005,-0.71 
2.3100000000000005,-0.7103 
2.3100000000000005,-0.7105 
2.3100000000000005,-0.7107 
2.3100000000000005,-0.7109 
2.3100000000000005,-0.7111 
2.3100000000000005,-0.7113 
2.3100000000000005,-0.7115 
2.3100000000000005,-0.7117 
2.3200000000000003,-0.7119 
2.3200000000000003,-0.7122 
2.3200000000000003,-0.7124 
2.3200000000000003,-0.7126 
2.3200000000000003,-0.7129 
2.3200000000000003,-0.713 
2.3200000000000003,-0.7133 
2.3200000000000003,-0.7135 
2.3200000000000003,-0.7137 
2.3200000000000003,-0.7139 
2.33,-0.7141 
2.33,-0.7143 
2.33,-0.7145 
2.33,-0.7148 
2.33,-0.715 
2.33,-0.7152 
2.33,-0.7154 
2.33,-0.7157 
2.33,-0.7159 
2.33,-0.7161 
2.34,-0.7163 
2.34,-0.7165 
2.34,-0.7167 
2.34,-0.717 
2.34,-0.7172 
2.34,-0.7173 
2.34,-0.7176 
2.34,-0.7178 
2.34,-0.718 
2.34,-0.7182 
2.3499999999999996,-0.7184 
2.3499999999999996,-0.7187 
2.3499999999999996,-0.7189 
2.3499999999999996,-0.7191 
2.3499999999999996,-0.7193 
2.3499999999999996,-0.7195 
2.3499999999999996,-0.7197 
2.3499999999999996,-0.7199 
2.3499999999999996,-0.7201 
2.3499999999999996,-0.7204 
2.3599999999999994,-0.7206 
2.3599999999999994,-0.7208 
2.3599999999999994,-0.721 
2.3599999999999994,-0.7212 
2.3599999999999994,-0.7215 
2.3599999999999994,-0.7217 
2.3599999999999994,-0.7219 
2.3599999999999994,-0.7221 
2.3599999999999994,-0.7223 
2.3599999999999994,-0.7226 
2.370000000000001,-0.7227 
2.370000000000001,-0.723 
2.370000000000001,-0.7232 
2.370000000000001,-0.7234 
2.370000000000001,-0.7237 
2.370000000000001,-0.7238 
2.370000000000001,-0.724 
2.370000000000001,-0.7243 
2.370000000000001,-0.7245 
2.370000000000001,-0.7247 
2.380000000000001,-0.7249 
2.380000000000001,-0.7252 
2.380000000000001,-0.7253 
2.380000000000001,-0.7256 
2.380000000000001,-0.7258 
2.380000000000001,-0.726 
2.380000000000001,-0.7262 
2.380000000000001,-0.7264 
2.380000000000001,-0.7266 
2.380000000000001,-0.7268 
2.3900000000000006,-0.727 
2.3900000000000006,-0.7272 
2.3900000000000006,-0.7274 
2.3900000000000006,-0.7277 
2.3900000000000006,-0.7279 
2.3900000000000006,-0.7281 
2.3900000000000006,-0.7283 
2.3900000000000006,-0.7285 
2.3900000000000006,-0.7288 
2.3900000000000006,-0.729 
2.4000000000000004,-0.7292 
2.4000000000000004,-0.7294 
2.4000000000000004,-0.7296 
2.4000000000000004,-0.7298 
2.4000000000000004,-0.7301 
2.4000000000000004,-0.7303 
2.4000000000000004,-0.7305 
2.4000000000000004,-0.7307 
2.4000000000000004,-0.7309 
2.4000000000000004,-0.7311 
2.41,-0.7313 
2.41,-0.7315 
2.41,-0.7318 
2.41,-0.732 
2.41,-0.7322 
2.41,-0.7324 
2.41,-0.7326 
2.41,-0.7329 
2.41,-0.733 
2.41,-0.7333 
2.42,-0.7335 
2.42,-0.7337 
2.42,-0.7339 
2.42,-0.7341 
2.42,-0.7343 
2.42,-0.7345 
2.42,-0.7348 
2.42,-0.735 
2.42,-0.7352 
2.42,-0.7354 
2.4299999999999997,-0.7356 
2.4299999999999997,-0.7358 
2.4299999999999997,-0.736 
2.4299999999999997,-0.7362 
2.4299999999999997,-0.7364 
2.4299999999999997,-0.7367 
2.4299999999999997,-0.7369 
2.4299999999999997,-0.7371 
2.4299999999999997,-0.7373 
2.4299999999999997,-0.7375 
2.4399999999999995,-0.7377 
2.4399999999999995,-0.7379 
2.4399999999999995,-0.7382 
2.4399999999999995,-0.7384 
2.4399999999999995,-0.7386 
2.4399999999999995,-0.7388 
2.4399999999999995,-0.739 
2.4399999999999995,-0.7392 
2.4399999999999995,-0.7394 
2.4399999999999995,-0.7397 
2.4499999999999993,-0.7399 
2.4499999999999993,-0.7401 
2.4499999999999993,-0.7403 
2.4499999999999993,-0.7405 
2.4499999999999993,-0.7407 
2.4499999999999993,-0.741 
2.4499999999999993,-0.7411 
2.4499999999999993,-0.7414 
2.4499999999999993,-0.7416 
2.4499999999999993,-0.7418 
2.460000000000001,-0.742 
2.460000000000001,-0.7422 
2.460000000000001,-0.7424 
2.460000000000001,-0.7426 
2.460000000000001,-0.7429 
2.460000000000001,-0.7431 
2.460000000000001,-0.7433 
2.460000000000001,-0.7435 
2.460000000000001,-0.7437 
2.460000000000001,-0.7439 
2.4700000000000006,-0.7441 
2.4700000000000006,-0.7444 
2.4700000000000006,-0.7445 
2.4700000000000006,-0.7447 
2.4700000000000006,-0.745 
2.4700000000000006,-0.7452 
2.4700000000000006,-0.7454 
2.4700000000000006,-0.7456 
2.4700000000000006,-0.7458 
2.4700000000000006,-0.746 
2.4800000000000004,-0.7462 
2.4800000000000004,-0.7464 
2.4800000000000004,-0.7466 
2.4800000000000004,-0.7469 
2.4800000000000004,-0.7471 
2.4800000000000004,-0.7473 
2.4800000000000004,-0.7475 
2.4800000000000004,-0.7477 
2.4800000000000004,-0.7479 
2.4800000000000004,-0.7482 
2.49,-0.7483 
2.49,-0.7485 
2.49,-0.7488 
2.49,-0.749 
2.49,-0.7492 
2.49,-0.7494 
2.49,-0.7496 
2.49,-0.7498 
2.49,-0.75 
2.49,-0.7502 
2.5,-0.7504 
2.5,-0.7506 
2.5,-0.7509 
2.5,-0.7511 
2.5,-0.7513 
2.5,-0.7515 
2.5,-0.7517 
2.5,-0.7519 
2.5,-0.7521 
2.5,-0.7524 
2.51,-0.7526 
2.51,-0.7527 
2.51,-0.753 
2.51,-0.7532 
2.51,-0.7534 
2.51,-0.7536 
2.51,-0.7538 
2.51,-0.754 
2.51,-0.7542 
2.51,-0.7544 
2.5199999999999996,-0.7547 
2.5199999999999996,-0.7549 
2.5199999999999996,-0.7551 
2.5199999999999996,-0.7553 
2.5199999999999996,-0.7555 
2.5199999999999996,-0.7557 
2.5199999999999996,-0.7559 
2.5199999999999996,-0.7562 
2.5199999999999996,-0.7563 
2.5199999999999996,-0.7566 
2.5299999999999994,-0.7567 
2.5299999999999994,-0.757 
2.5299999999999994,-0.7572 
2.5299999999999994,-0.7574 
2.5299999999999994,-0.7576 
2.5299999999999994,-0.7578 
2.5299999999999994,-0.758 
2.5299999999999994,-0.7582 
2.5299999999999994,-0.7584 
2.5299999999999994,-0.7586 
2.540000000000001,-0.7589 
2.540000000000001,-0.7591 
2.540000000000001,-0.7593 
2.540000000000001,-0.7595 
2.540000000000001,-0.7597 
2.540000000000001,-0.7599 
2.540000000000001,-0.7601 
2.540000000000001,-0.7604 
2.540000000000001,-0.7605 
2.540000000000001,-0.7607 
2.5500000000000007,-0.7609 
2.5500000000000007,-0.7612 
2.5500000000000007,-0.7614 
2.5500000000000007,-0.7616 
2.5500000000000007,-0.7618 
2.5500000000000007,-0.762 
2.5500000000000007,-0.7622 
2.5500000000000007,-0.7624 
2.5500000000000007,-0.7626 
2.5500000000000007,-0.7629 
2.5600000000000005,-0.7631 
2.5600000000000005,-0.7633 
2.5600000000000005,-0.7635 
2.5600000000000005,-0.7637 
2.5600000000000005,-0.7639 
2.5600000000000005,-0.7641 
2.5600000000000005,-0.7644 
2.5600000000000005,-0.7646 
2.5600000000000005,-0.7648 
2.5600000000000005,-0.765 
2.5700000000000003,-0.7651 
2.5700000000000003,-0.7654 
2.5700000000000003,-0.7656 
2.5700000000000003,-0.7658 
2.5700000000000003,-0.766 
2.5700000000000003,-0.7662 
2.5700000000000003,-0.7664 
2.5700000000000003,-0.7666 
2.5700000000000003,-0.7669 
2.5700000000000003,-0.767 
2.58,-0.7673 
2.58,-0.7675 
2.58,-0.7677 
2.58,-0.7679 
2.58,-0.7681 
2.58,-0.7683 
2.58,-0.7685 
2.58,-0.7687 
2.58,-0.7689 
2.58,-0.7691 
2.59,-0.7693 
2.59,-0.7695 
2.59,-0.7698 
2.59,-0.77 
2.59,-0.7702 
2.59,-0.7704 
2.59,-0.7706 
2.59,-0.7708 
2.59,-0.771 
2.5999999999999996,-0.7713 
2.5999999999999996,-0.7714 
2.5999999999999996,-0.7716 
2.5999999999999996,-0.7719 
2.5999999999999996,-0.772 
2.5999999999999996,-0.7723 
2.5999999999999996,-0.7725 
2.5999999999999996,-0.7727 
2.5999999999999996,-0.7729 
2.5999999999999996,-0.7731 
2.6099999999999994,-0.7733 
2.6099999999999994,-0.7735 
2.6099999999999994,-0.7738 
2.6099999999999994,-0.7739 
2.6099999999999994,-0.7741 
2.6099999999999994,-0.7743 
2.6099999999999994,-0.7745 
2.6099999999999994,-0.7748 
2.6099999999999994,-0.775 
2.6099999999999994,-0.7752 
2.620000000000001,-0.7754 
2.620000000000001,-0.7756 
2.620000000000001,-0.7758 
2.620000000000001,-0.776 
2.620000000000001,-0.7762 
2.620000000000001,-0.7764 
2.620000000000001,-0.7766 
2.620000000000001,-0.7768 
2.620000000000001,-0.777 
2.620000000000001,-0.7773 
2.630000000000001,-0.7775 
2.630000000000001,-0.7777 
2.630000000000001,-0.7778 
2.630000000000001,-0.7781 
2.630000000000001,-0.7783 
2.630000000000001,-0.7785 
2.630000000000001,-0.7787 
2.630000000000001,-0.7789 
2.630000000000001,-0.7792 
2.630000000000001,-0.7793 
2.6400000000000006,-0.7795 
2.6400000000000006,-0.7797 
2.6400000000000006,-0.7799 
2.6400000000000006,-0.7802 
2.6400000000000006,-0.7804 
2.6400000000000006,-0.7806 
2.6400000000000006,-0.7808 
2.6400000000000006,-0.781 
2.6400000000000006,-0.7812 
2.6400000000000006,-0.7814 
2.6500000000000004,-0.7816 
2.6500000000000004,-0.7818 
2.6500000000000004,-0.7821 
2.6500000000000004,-0.7822 
2.6500000000000004,-0.7824 
2.6500000000000004,-0.7827 
2.6500000000000004,-0.7829 
2.6500000000000004,-0.7831 
2.6500000000000004,-0.7833 
2.6500000000000004,-0.7835 
2.66,-0.7837 
2.66,-0.7839 
2.66,-0.7841 
2.66,-0.7843 
2.66,-0.7846 
2.66,-0.7847 
2.66,-0.7849 
2.66,-0.7851 
2.66,-0.7853 
2.66,-0.7856 
2.67,-0.7858 
2.67,-0.786 
2.67,-0.7861 
2.67,-0.7864 
2.67,-0.7866 
2.67,-0.7868 
2.67,-0.787 
2.67,-0.7872 
2.67,-0.7874 
2.67,-0.7876 
2.6799999999999997,-0.7878 
2.6799999999999997,-0.788 
2.6799999999999997,-0.7882 
2.6799999999999997,-0.7885 
2.6799999999999997,-0.7886 
2.6799999999999997,-0.7889 
2.6799999999999997,-0.789 
2.6799999999999997,-0.7893 
2.6799999999999997,-0.7895 
2.6799999999999997,-0.7896 
2.6899999999999995,-0.7899 
2.6899999999999995,-0.7901 
2.6899999999999995,-0.7902 
2.6899999999999995,-0.7905 
2.6899999999999995,-0.7907 
2.6899999999999995,-0.7909 
2.6899999999999995,-0.7911 
2.6899999999999995,-0.7913 
2.6899999999999995,-0.7915 
2.6899999999999995,-0.7917 
2.6999999999999993,-0.7919 
2.6999999999999993,-0.7921 
2.6999999999999993,-0.7923 
2.6999999999999993,-0.7925 
2.6999999999999993,-0.7927 
2.6999999999999993,-0.793 
2.6999999999999993,-0.7931 
2.6999999999999993,-0.7934 
2.6999999999999993,-0.7936 
2.6999999999999993,-0.7938 
2.710000000000001,-0.794 
2.710000000000001,-0.7942 
2.710000000000001,-0.7944 
2.710000000000001,-0.7946 
2.710000000000001,-0.7948 
2.710000000000001,-0.795 
2.710000000000001,-0.7952 
2.710000000000001,-0.7954 
2.710000000000001,-0.7956 
2.710000000000001,-0.7958 
2.7200000000000006,-0.796 
2.7200000000000006,-0.7963 
2.7200000000000006,-0.7964 
2.7200000000000006,-0.7966 
2.7200000000000006,-0.7968 
2.7200000000000006,-0.797 
2.7200000000000006,-0.7973 
2.7200000000000006,-0.7974 
2.7200000000000006,-0.7977 
2.7200000000000006,-0.7979 
2.7300000000000004,-0.798 
2.7300000000000004,-0.7982 
2.7300000000000004,-0.7984 
2.7300000000000004,-0.7987 
2.7300000000000004,-0.7989 
2.7300000000000004,-0.7991 
2.7300000000000004,-0.7993 
2.7300000000000004,-0.7995 
2.7300000000000004,-0.7997 
2.7300000000000004,-0.7999 
2.74,-0.8002 
2.74,-0.8003 
2.74,-0.8005 
2.74,-0.8007 
2.74,-0.8009 
2.74,-0.8012 
2.74,-0.8014 
2.74,-0.8016 
2.74,-0.8018 
2.74,-0.8019 
2.75,-0.8022 
2.75,-0.8024 
2.75,-0.8026 
2.75,-0.8028 
2.75,-0.803 
2.75,-0.8032 
2.75,-0.8034 
2.75,-0.8036 
2.75,-0.8038 
2.75,-0.8041 
2.76,-0.8042 
2.76,-0.8044 
2.76,-0.8046 
2.76,-0.8048 
2.76,-0.805 
2.76,-0.8052 
2.76,-0.8055 
2.76,-0.8056 
2.76,-0.8059 
2.76,-0.806 
2.7699999999999996,-0.8062 
2.7699999999999996,-0.8065 
2.7699999999999996,-0.8066 
2.7699999999999996,-0.8069 
2.7699999999999996,-0.8071 
2.7699999999999996,-0.8073 
2.7699999999999996,-0.8075 
2.7699999999999996,-0.8077 
2.7699999999999996,-0.8079 
2.7699999999999996,-0.8081 
2.7799999999999994,-0.8083 
2.7799999999999994,-0.8085 
2.7799999999999994,-0.8087 
2.7799999999999994,-0.8089 
2.7799999999999994,-0.8091 
2.7799999999999994,-0.8093 
2.7799999999999994,-0.8095 
2.7799999999999994,-0.8097 
2.7799999999999994,-0.8099 
2.7799999999999994,-0.8101 
2.790000000000001,-0.8104 
2.790000000000001,-0.8105 
2.790000000000001,-0.8108 
2.790000000000001,-0.8109 
2.790000000000001,-0.8111 
2.790000000000001,-0.8113 
2.790000000000001,-0.8115 
2.790000000000001,-0.8118 
2.790000000000001,-0.812 
2.790000000000001,-0.8122 
2.8000000000000007,-0.8124 
2.8000000000000007,-0.8126 
2.8000000000000007,-0.8128 
2.8000000000000007,-0.813 
2.8000000000000007,-0.8132 
2.8000000000000007,-0.8134 
2.8000000000000007,-0.8136 
2.8000000000000007,-0.8138 
2.8000000000000007,-0.814 
2.8000000000000007,-0.8142 
2.8100000000000005,-0.8144 
2.8100000000000005,-0.8146 
2.8100000000000005,-0.8148 
2.8100000000000005,-0.815 
2.8100000000000005,-0.8152 
2.8100000000000005,-0.8154 
2.8100000000000005,-0.8156 
2.8100000000000005,-0.8158 
2.8100000000000005,-0.8161 
2.8100000000000005,-0.8162 
2.8200000000000003,-0.8164 
2.8200000000000003,-0.8166 
2.8200000000000003,-0.8168 
2.8200000000000003,-0.817 
2.8200000000000003,-0.8172 
2.8200000000000003,-0.8174 
2.8200000000000003,-0.8177 
2.8200000000000003,-0.8178 
2.8200000000000003,-0.818 
2.8200000000000003,-0.8182 
2.83,-0.8185 
2.83,-0.8186 
2.83,-0.8188 
2.83,-0.819 
2.83,-0.8192 
2.83,-0.8195 
2.83,-0.8197 
2.83,-0.8199 
2.83,-0.8201 
2.83,-0.8203 
2.84,-0.8205 
2.84,-0.8207 
2.84,-0.8209 
2.84,-0.8211 
2.84,-0.8213 
2.84,-0.8215 
2.84,-0.8217 
2.84,-0.8219 
2.84,-0.8221 
2.84,-0.8223 
2.8499999999999996,-0.8225 
2.8499999999999996,-0.8227 
2.8499999999999996,-0.8229 
2.8499999999999996,-0.8231 
2.8499999999999996,-0.8234 
2.8499999999999996,-0.8235 
2.8499999999999996,-0.8237 
2.8499999999999996,-0.8239 
2.8499999999999996,-0.8241 
2.8499999999999996,-0.8243 
2.8599999999999994,-0.8245 
2.8599999999999994,-0.8247 
2.8599999999999994,-0.8249 
2.8599999999999994,-0.8251 
2.8599999999999994,-0.8253 
2.8599999999999994,-0.8255 
2.8599999999999994,-0.8257 
2.8599999999999994,-0.8259 
2.8599999999999994,-0.8262 
2.8599999999999994,-0.8263 
2.870000000000001,-0.8266 
2.870000000000001,-0.8267 
2.870000000000001,-0.8269 
2.870000000000001,-0.8272 
2.870000000000001,-0.8273 
2.870000000000001,-0.8276 
2.870000000000001,-0.8277 
2.870000000000001,-0.8279 
2.870000000000001,-0.8282 
2.870000000000001,-0.8283 
2.880000000000001,-0.8285 
2.880000000000001,-0.8287 
2.880000000000001,-0.8289 
2.880000000000001,-0.8291 
2.880000000000001,-0.8293 
2.880000000000001,-0.8295 
2.880000000000001,-0.8297 
2.880000000000001,-0.83 
2.880000000000001,-0.8301 
2.880000000000001,-0.8303 
2.8900000000000006,-0.8305 
2.8900000000000006,-0.8307 
2.8900000000000006,-0.831 
2.8900000000000006,-0.8311 
2.8900000000000006,-0.8314 
2.8900000000000006,-0.8315 
2.8900000000000006,-0.8317 
2.8900000000000006,-0.8319 
2.8900000000000006,-0.8321 
2.8900000000000006,-0.8323 
2.9000000000000004,-0.8325 
2.9000000000000004,-0.8327 
2.9000000000000004,-0.8329 
2.9000000000000004,-0.8331 
2.9000000000000004,-0.8333 
2.9000000000000004,-0.8335 
2.9000000000000004,-0.8338 
2.9000000000000004,-0.8339 
2.9000000000000004,-0.8342 
2.9000000000000004,-0.8343 
2.91,-0.8345 
2.91,-0.8348 
2.91,-0.8349 
2.91,-0.8352 
2.91,-0.8353 
2.91,-0.8355 
2.91,-0.8358 
2.91,-0.8359 
2.91,-0.8362 
2.91,-0.8363 
2.92,-0.8365 
2.92,-0.8367 
2.92,-0.8369 
2.92,-0.8371 
2.92,-0.8373 
2.92,-0.8376 
2.92,-0.8378 
2.92,-0.838 
2.92,-0.8382 
2.92,-0.8384 
2.9299999999999997,-0.8386 
2.9299999999999997,-0.8388 
2.9299999999999997,-0.839 
2.9299999999999997,-0.8392 
2.9299999999999997,-0.8394 
2.9299999999999997,-0.8395 
2.9299999999999997,-0.8397 
2.9299999999999997,-0.84 
2.9299999999999997,-0.8402 
2.9299999999999997,-0.8404 
2.9399999999999995,-0.8406 
2.9399999999999995,-0.8408 
2.9399999999999995,-0.841 
2.9399999999999995,-0.8411 
2.9399999999999995,-0.8414 
2.9399999999999995,-0.8416 
2.9399999999999995,-0.8418 
2.9399999999999995,-0.842 
2.9399999999999995,-0.8422 
2.9399999999999995,-0.8424 
2.9499999999999993,-0.8426 
2.9499999999999993,-0.8428 
2.9499999999999993,-0.8429 
2.9499999999999993,-0.8431 
2.9499999999999993,-0.8434 
2.9499999999999993,-0.8436 
2.9499999999999993,-0.8437 
2.9499999999999993,-0.8439 
2.9499999999999993,-0.8442 
2.9499999999999993,-0.8443 
2.960000000000001,-0.8445 
2.960000000000001,-0.8447 
2.960000000000001,-0.8449 
2.960000000000001,-0.8452 
2.960000000000001,-0.8454 
2.960000000000001,-0.8456 
2.960000000000001,-0.8457 
2.960000000000001,-0.8459 
2.960000000000001,-0.8462 
2.960000000000001,-0.8464 
2.9700000000000006,-0.8466 
2.9700000000000006,-0.8467 
2.9700000000000006,-0.8469 
2.9700000000000006,-0.8471 
2.9700000000000006,-0.8473 
2.9700000000000006,-0.8475 
2.9700000000000006,-0.8477 
2.9700000000000006,-0.848 
2.9700000000000006,-0.8481 
2.9700000000000006,-0.8483 
2.9800000000000004,-0.8485 
2.9800000000000004,-0.8487 
2.9800000000000004,-0.849 
2.9800000000000004,-0.8492 
2.9800000000000004,-0.8494 
2.9800000000000004,-0.8495 
2.9800000000000004,-0.8497 
2.9800000000000004,-0.85 
2.9800000000000004,-0.8501 
2.9800000000000004,-0.8504 
2.99,-0.8505 
2.99,-0.8507 
2.99,-0.8509 
2.99,-0.8511 
2.99,-0.8513 
2.99,-0.8515 
2.99,-0.8517 
2.99,-0.852 
2.99,-0.8521 
2.99,-0.8523 
3.0,-0.8525 
3.0,-0.8528 
3.0,-0.8529 
3.0,-0.8531 
3.0,-0.8533 
3.0,-0.8535 
3.0,-0.8537 
3.0,-0.8539 
3.0,-0.8541 
3.0,-0.8543 
3.01,-0.8545 
3.01,-0.8547 
3.01,-0.8549 
3.01,-0.8551 
3.01,-0.8553 
3.01,-0.8555 
3.01,-0.8557 
3.01,-0.8559 
3.01,-0.8561 
3.01,-0.8563 
3.0199999999999996,-0.8565 
3.0199999999999996,-0.8567 
3.0199999999999996,-0.8569 
3.0199999999999996,-0.8571 
3.0199999999999996,-0.8573 
3.0199999999999996,-0.8575 
3.0199999999999996,-0.8577 
3.0199999999999996,-0.8579 
3.0199999999999996,-0.8581 
3.0199999999999996,-0.8583 
3.0299999999999994,-0.8585 
3.0299999999999994,-0.8587 
3.0299999999999994,-0.8589 
3.0299999999999994,-0.8591 
3.0299999999999994,-0.8593 
3.0299999999999994,-0.8595 
3.0299999999999994,-0.8597 
3.0299999999999994,-0.8599 
3.0299999999999994,-0.86 
3.0299999999999994,-0.8603 
3.040000000000001,-0.8605 
3.040000000000001,-0.8607 
3.040000000000001,-0.8609 
3.040000000000001,-0.8611 
3.040000000000001,-0.8613 
3.040000000000001,-0.8615 
3.040000000000001,-0.8617 
3.040000000000001,-0.8618 
3.040000000000001,-0.8621 
3.040000000000001,-0.8622 
3.0500000000000007,-0.8624 
3.0500000000000007,-0.8626 
3.0500000000000007,-0.8628 
3.0500000000000007,-0.8631 
3.0500000000000007,-0.8632 
3.0500000000000007,-0.8634 
3.0500000000000007,-0.8636 
3.0500000000000007,-0.8638 
3.0500000000000007,-0.864 
3.0500000000000007,-0.8642 
3.0600000000000005,-0.8644 
3.0600000000000005,-0.8646 
3.0600000000000005,-0.8648 
3.0600000000000005,-0.865 
3.0600000000000005,-0.8652 
3.0600000000000005,-0.8654 
3.0600000000000005,-0.8656 
3.0600000000000005,-0.8658 
3.0600000000000005,-0.866 
3.0600000000000005,-0.8662 
3.0700000000000003,-0.8664 
3.0700000000000003,-0.8666 
3.0700000000000003,-0.8668 
3.0700000000000003,-0.867 
3.0700000000000003,-0.8672 
3.0700000000000003,-0.8674 
3.0700000000000003,-0.8676 
3.0700000000000003,-0.8678 
3.0700000000000003,-0.8679 
3.0700000000000003,-0.8682 
3.08,-0.8683 
3.08,-0.8685 
3.08,-0.8687 
3.08,-0.8689 
3.08,-0.8692 
3.08,-0.8693 
3.08,-0.8695 
3.08,-0.8697 
3.08,-0.8699 
3.08,-0.8701 
3.09,-0.8703 
3.09,-0.8705 
3.09,-0.8707 
3.09,-0.8709 
3.09,-0.8711 
3.09,-0.8713 
3.09,-0.8714 
3.09,-0.8717 
3.09,-0.8719 
3.09,-0.8721 
3.0999999999999996,-0.8723 
3.0999999999999996,-0.8725 
3.0999999999999996,-0.8727 
3.0999999999999996,-0.8728 
3.0999999999999996,-0.873 
3.0999999999999996,-0.8733 
3.0999999999999996,-0.8735 
3.0999999999999996,-0.8736 
3.0999999999999996,-0.8738 
3.0999999999999996,-0.874 
3.1099999999999994,-0.8743 
3.1099999999999994,-0.8744 
3.1099999999999994,-0.8746 
3.1099999999999994,-0.8748 
3.1099999999999994,-0.875 
3.1099999999999994,-0.8752 
3.1099999999999994,-0.8754 
3.1099999999999994,-0.8756 
3.1099999999999994,-0.8758 
3.1099999999999994,-0.876 
3.120000000000001,-0.8762 
3.120000000000001,-0.8764 
3.120000000000001,-0.8766 
3.120000000000001,-0.8768 
3.120000000000001,-0.877 
3.120000000000001,-0.8772 
3.120000000000001,-0.8774 
3.120000000000001,-0.8776 
3.120000000000001,-0.8778 
3.120000000000001,-0.878 
3.130000000000001,-0.8782 
3.130000000000001,-0.8784 
3.130000000000001,-0.8786 
3.130000000000001,-0.8787 
3.130000000000001,-0.8789 
3.130000000000001,-0.8791 
3.130000000000001,-0.8793 
3.130000000000001,-0.8796 
3.130000000000001,-0.8797 
3.130000000000001,-0.8799 
3.1400000000000006,-0.8801 
3.1400000000000006,-0.8803 
3.1400000000000006,-0.8805 
3.1400000000000006,-0.8807 
3.1400000000000006,-0.8809 
3.1400000000000006,-0.8811 
3.1400000000000006,-0.8813 
3.1400000000000006,-0.8815 
3.1400000000000006,-0.8818 
3.1400000000000006,-0.8819 
3.1500000000000004,-0.8821 
3.1500000000000004,-0.8823 
3.1500000000000004,-0.8825 
3.1500000000000004,-0.8827 
3.1500000000000004,-0.8829 
3.1500000000000004,-0.8831 
3.1500000000000004,-0.8832 
3.1500000000000004,-0.8834 
3.1500000000000004,-0.8836 
3.1500000000000004,-0.8838 
3.16,-0.884 
3.16,-0.8842 
3.16,-0.8844 
3.16,-0.8846 
3.16,-0.8848 
3.16,-0.885 
3.16,-0.8852 
3.16,-0.8855 
3.16,-0.8856 
3.16,-0.8858 
3.17,-0.886 
3.17,-0.8862 
3.17,-0.8864 
3.17,-0.8866 
3.17,-0.8868 
3.17,-0.887 
3.17,-0.8872 
3.17,-0.8874 
3.17,-0.8876 
3.17,-0.8878 
3.1799999999999997,-0.8879 
3.1799999999999997,-0.8882 
3.1799999999999997,-0.8884 
3.1799999999999997,-0.8886 
3.1799999999999997,-0.8887 
3.1799999999999997,-0.8889 
3.1799999999999997,-0.8892 
3.1799999999999997,-0.8893 
3.1799999999999997,-0.8896 
3.1799999999999997,-0.8897 
3.1899999999999995,-0.8899 
3.1899999999999995,-0.8901 
3.1899999999999995,-0.8903 
3.1899999999999995,-0.8905 
3.1899999999999995,-0.8907 
3.1899999999999995,-0.8909 
3.1899999999999995,-0.8911 
3.1899999999999995,-0.8913 
3.1899999999999995,-0.8915 
3.1899999999999995,-0.8916 
3.1999999999999993,-0.8919 
3.1999999999999993,-0.8921 
3.1999999999999993,-0.8923 
3.1999999999999993,-0.8924 
3.1999999999999993,-0.8926 
3.1999999999999993,-0.8929 
3.1999999999999993,-0.893 
3.1999999999999993,-0.8933 
3.1999999999999993,-0.8934 
3.1999999999999993,-0.8936 
3.210000000000001,-0.8938 
3.210000000000001,-0.894 
3.210000000000001,-0.8942 
3.210000000000001,-0.8944 
3.210000000000001,-0.8946 
3.210000000000001,-0.8948 
3.210000000000001,-0.895 
3.210000000000001,-0.8952 
3.210000000000001,-0.8953 
3.210000000000001,-0.8956 
3.2200000000000006,-0.8957 
3.2200000000000006,-0.896 
3.2200000000000006,-0.8961 
3.2200000000000006,-0.8963 
3.2200000000000006,-0.8965 
3.2200000000000006,-0.8967 
3.2200000000000006,-0.8969 
3.2200000000000006,-0.8971 
3.2200000000000006,-0.8973 
3.2200000000000006,-0.8975 
3.2300000000000004,-0.8977 
3.2300000000000004,-0.8979 
3.2300000000000004,-0.8981 
3.2300000000000004,-0.8983 
3.2300000000000004,-0.8985 
3.2300000000000004,-0.8987 
3.2300000000000004,-0.8989 
3.2300000000000004,-0.8991 
3.2300000000000004,-0.8993 
3.2300000000000004,-0.8995 
3.24,-0.8997 
3.24,-0.8999 
3.24,-0.9001 
3.24,-0.9002 
3.24,-0.9004 
3.24,-0.9007 
3.24,-0.9008 
3.24,-0.901 
3.24,-0.9012 
3.24,-0.9014 
3.25,-0.9016 
3.25,-0.9018 
3.25,-0.902 
3.25,-0.9022 
3.25,-0.9024 
3.25,-0.9025 
3.25,-0.9027 
3.25,-0.903 
3.25,-0.9031 
3.25,-0.9034 
3.26,-0.9035 
3.26,-0.9037 
3.26,-0.9039 
3.26,-0.9041 
3.26,-0.9043 
3.26,-0.9045 
3.26,-0.9047 
3.26,-0.9049 
3.26,-0.9051 
3.26,-0.9053 
3.2699999999999996,-0.9055 
3.2699999999999996,-0.9057 
3.2699999999999996,-0.9059 
3.2699999999999996,-0.9061 
3.2699999999999996,-0.9062 
3.2699999999999996,-0.9064 
3.2699999999999996,-0.9067 
3.2699999999999996,-0.9068 
3.2699999999999996,-0.907 
3.2699999999999996,-0.9072 
3.2799999999999994,-0.9074 
3.2799999999999994,-0.9076 
3.2799999999999994,-0.9078 
3.2799999999999994,-0.908 
3.2799999999999994,-0.9082 
3.2799999999999994,-0.9084 
3.2799999999999994,-0.9086 
3.2799999999999994,-0.9087 
3.2799999999999994,-0.9089 
3.2799999999999994,-0.9091 
3.290000000000001,-0.9093 
3.290000000000001,-0.9095 
3.290000000000001,-0.9097 
3.290000000000001,-0.9099 
3.290000000000001,-0.91 
3.290000000000001,-0.9103 
3.290000000000001,-0.9105 
3.290000000000001,-0.9107 
3.290000000000001,-0.9109 
3.290000000000001,-0.9111 
3.3000000000000007,-0.9112 
3.3000000000000007,-0.9114 
3.3000000000000007,-0.9116 
3.3000000000000007,-0.9118 
3.3000000000000007,-0.912 
3.3000000000000007,-0.9122 
3.3000000000000007,-0.9124 
3.3000000000000007,-0.9126 
3.3000000000000007,-0.9128 
3.3000000000000007,-0.913 
3.3100000000000005,-0.9132 
3.3100000000000005,-0.9134 
3.3100000000000005,-0.9135 
3.3100000000000005,-0.9137 
3.3100000000000005,-0.9139 
3.3100000000000005,-0.9141 
3.3100000000000005,-0.9143 
3.3100000000000005,-0.9145 
3.3100000000000005,-0.9147 
3.3100000000000005,-0.9149 
3.3200000000000003,-0.9151 
3.3200000000000003,-0.9153 
3.3200000000000003,-0.9154 
3.3200000000000003,-0.9157 
3.3200000000000003,-0.9158 
3.3200000000000003,-0.916 
3.3200000000000003,-0.9162 
3.3200000000000003,-0.9164 
3.3200000000000003,-0.9167 
3.3200000000000003,-0.9169 
3.33,-0.9171 
3.33,-0.9172 
3.33,-0.9174 
3.33,-0.9176 
3.33,-0.9178 
3.33,-0.918 
3.33,-0.9182 
3.33,-0.9184 
3.33,-0.9186 
3.33,-0.9188 
3.34,-0.9189 
3.34,-0.9191 
3.34,-0.9193 
3.34,-0.9195 
3.34,-0.9197 
3.34,-0.9199 
3.34,-0.9201 
3.34,-0.9203 
3.34,-0.9205 
3.34,-0.9207 
3.3499999999999996,-0.9209 
3.3499999999999996,-0.9211 
3.3499999999999996,-0.9213 
3.3499999999999996,-0.9214 
3.3499999999999996,-0.9217 
3.3499999999999996,-0.9218 
3.3499999999999996,-0.922 
3.3499999999999996,-0.9222 
3.3499999999999996,-0.9224 
3.3499999999999996,-0.9226 
3.3599999999999994,-0.9228 
3.3599999999999994,-0.923 
3.3599999999999994,-0.9231 
3.3599999999999994,-0.9233 
3.3599999999999994,-0.9236 
3.3599999999999994,-0.9237 
3.3599999999999994,-0.924 
3.3599999999999994,-0.9241 
3.3599999999999994,-0.9243 
3.3599999999999994,-0.9245 
3.370000000000001,-0.9247 
3.370000000000001,-0.9249 
3.370000000000001,-0.9251 
3.370000000000001,-0.9253 
3.370000000000001,-0.9254 
3.370000000000001,-0.9256 
3.370000000000001,-0.9258 
3.370000000000001,-0.926 
3.370000000000001,-0.9262 
3.370000000000001,-0.9264 
3.380000000000001,-0.9266 
3.380000000000001,-0.9268 
3.380000000000001,-0.927 
3.380000000000001,-0.9272 
3.380000000000001,-0.9274 
3.380000000000001,-0.9276 
3.380000000000001,-0.9278 
3.380000000000001,-0.928 
3.380000000000001,-0.9282 
3.380000000000001,-0.9283 
3.3900000000000006,-0.9285 
3.3900000000000006,-0.9287 
3.3900000000000006,-0.9289 
3.3900000000000006,-0.9291 
3.3900000000000006,-0.9293 
3.3900000000000006,-0.9295 
3.3900000000000006,-0.9297 
3.3900000000000006,-0.9298 
3.3900000000000006,-0.93 
3.3900000000000006,-0.9303 
3.4000000000000004,-0.9305 
3.4000000000000004,-0.9307 
3.4000000000000004,-0.9308 
3.4000000000000004,-0.931 
3.4000000000000004,-0.9312 
3.4000000000000004,-0.9314 
3.4000000000000004,-0.9316 
3.4000000000000004,-0.9318 
3.4000000000000004,-0.932 
3.4000000000000004,-0.9322 
3.41,-0.9324 
3.41,-0.9326 
3.41,-0.9327 
3.41,-0.9329 
3.41,-0.9331 
3.41,-0.9333 
3.41,-0.9335 
3.41,-0.9337 
3.41,-0.9339 
3.41,-0.9341 
3.42,-0.9343 
3.42,-0.9344 
3.42,-0.9346 
3.42,-0.9348 
3.42,-0.935 
3.42,-0.9352 
3.42,-0.9354 
3.42,-0.9356 
3.42,-0.9358 
3.42,-0.936 
3.4299999999999997,-0.9362 
3.4299999999999997,-0.9364 
3.4299999999999997,-0.9366 
3.4299999999999997,-0.9367 
3.4299999999999997,-0.9369 
3.4299999999999997,-0.9371 
3.4299999999999997,-0.9373 
3.4299999999999997,-0.9375 
3.4299999999999997,-0.9377 
3.4299999999999997,-0.9379 
3.4399999999999995,-0.9381 
3.4399999999999995,-0.9383 
3.4399999999999995,-0.9384 
3.4399999999999995,-0.9387 
3.4399999999999995,-0.9389 
3.4399999999999995,-0.939 
3.4399999999999995,-0.9392 
3.4399999999999995,-0.9394 
3.4399999999999995,-0.9396 
3.4399999999999995,-0.9398 
3.4499999999999993,-0.94 
3.4499999999999993,-0.9402 
3.4499999999999993,-0.9404 
3.4499999999999993,-0.9405 
3.4499999999999993,-0.9407 
3.4499999999999993,-0.9409 
3.4499999999999993,-0.9411 
3.4499999999999993,-0.9413 
3.4499999999999993,-0.9415 
3.4499999999999993,-0.9417 
3.460000000000001,-0.9419 
3.460000000000001,-0.9421 
3.460000000000001,-0.9423 
3.460000000000001,-0.9425 
3.460000000000001,-0.9426 
3.460000000000001,-0.9428 
3.460000000000001,-0.943 
3.460000000000001,-0.9432 
3.460000000000001,-0.9434 
3.460000000000001,-0.9436 
3.4700000000000006,-0.9438 
3.4700000000000006,-0.944 
3.4700000000000006,-0.9442 
3.4700000000000006,-0.9443 
3.4700000000000006,-0.9445 
3.4700000000000006,-0.9447 
3.4700000000000006,-0.9449 
3.4700000000000006,-0.9451 
3.4700000000000006,-0.9453 
3.4700000000000006,-0.9454 
3.4800000000000004,-0.9456 
3.4800000000000004,-0.9458 
3.4800000000000004,-0.946 
3.4800000000000004,-0.9462 
3.4800000000000004,-0.9464 
3.4800000000000004,-0.9466 
3.4800000000000004,-0.9468 
3.4800000000000004,-0.9469 
3.4800000000000004,-0.9471 
3.4800000000000004,-0.9474 
3.49,-0.9475 
3.49,-0.9477 
3.49,-0.9479 
3.49,-0.9481 
3.49,-0.9483 
3.49,-0.9485 
3.49,-0.9487 
3.49,-0.9488 
3.49,-0.949 
3.49,-0.9492 
3.5,-0.9494 
3.5,-0.9496 
3.5,-0.9498 
3.5,-0.95 
3.5,-0.9502 
3.5,-0.9504 
3.5,-0.9505 
3.5,-0.9507 
3.5,-0.9509 
3.5,-0.9511 
3.51,-0.9513 
3.51,-0.9515 
3.51,-0.9516 
3.51,-0.9518 
3.51,-0.952 
3.51,-0.9523 
3.51,-0.9524 
3.51,-0.9526 
3.51,-0.9528 
3.51,-0.953 
3.5199999999999996,-0.9532 
3.5199999999999996,-0.9533 
3.5199999999999996,-0.9536 
3.5199999999999996,-0.9537 
3.5199999999999996,-0.9539 
3.5199999999999996,-0.9541 
3.5199999999999996,-0.9543 
3.5199999999999996,-0.9545 
3.5199999999999996,-0.9547 
3.5199999999999996,-0.9549 
3.5299999999999994,-0.955 
3.5299999999999994,-0.9552 
3.5299999999999994,-0.9554 
3.5299999999999994,-0.9556 
3.5299999999999994,-0.9558 
3.5299999999999994,-0.956 
3.5299999999999994,-0.9562 
3.5299999999999994,-0.9564 
3.5299999999999994,-0.9566 
3.5299999999999994,-0.9568 
3.540000000000001,-0.9569 
3.540000000000001,-0.9571 
3.540000000000001,-0.9573 
3.540000000000001,-0.9575 
3.540000000000001,-0.9577 
3.540000000000001,-0.9579 
3.540000000000001,-0.9581 
3.540000000000001,-0.9583 
3.540000000000001,-0.9585 
3.540000000000001,-0.9586 
3.5500000000000007,-0.9588 
3.5500000000000007,-0.959 
3.5500000000000007,-0.9592 
3.5500000000000007,-0.9594 
3.5500000000000007,-0.9596 
3.5500000000000007,-0.9598 
3.5500000000000007,-0.96 
3.5500000000000007,-0.9601 
3.5500000000000007,-0.9603 
3.5500000000000007,-0.9605 
3.5600000000000005,-0.9607 
3.5600000000000005,-0.9609 
3.5600000000000005,-0.9611 
3.5600000000000005,-0.9613 
3.5600000000000005,-0.9614 
3.5600000000000005,-0.9617 
3.5600000000000005,-0.9618 
3.5600000000000005,-0.962 
3.5600000000000005,-0.9622 
3.5600000000000005,-0.9623 
3.5700000000000003,-0.9626 
3.5700000000000003,-0.9627 
3.5700000000000003,-0.963 
3.5700000000000003,-0.9631 
3.5700000000000003,-0.9633 
3.5700000000000003,-0.9635 
3.5700000000000003,-0.9637 
3.5700000000000003,-0.9638 
3.5700000000000003,-0.964 
3.5700000000000003,-0.9643 
3.58,-0.9644 
3.58,-0.9646 
3.58,-0.9648 
3.58,-0.965 
3.58,-0.9652 
3.58,-0.9654 
3.58,-0.9656 
3.58,-0.9657 
3.58,-0.9659 
3.58,-0.9661 
3.59,-0.9663 
3.59,-0.9665 
3.59,-0.9667 
3.59,-0.9669 
3.59,-0.967 
3.59,-0.9672 
3.59,-0.9674 
3.59,-0.9676 
3.59,-0.9678 
3.59,-0.968 
3.5999999999999996,-0.9682 
3.5999999999999996,-0.9684 
3.5999999999999996,-0.9685 
3.5999999999999996,-0.9687 
3.5999999999999996,-0.9689 
3.5999999999999996,-0.9691 
3.5999999999999996,-0.9693 
3.5999999999999996,-0.9695 
3.5999999999999996,-0.9697 
3.5999999999999996,-0.9699 
3.6099999999999994,-0.9701 
3.6099999999999994,-0.9702 
3.6099999999999994,-0.9704 
3.6099999999999994,-0.9706 
3.6099999999999994,-0.9708 
3.6099999999999994,-0.9709 
3.6099999999999994,-0.9711 
3.6099999999999994,-0.9713 
3.6099999999999994,-0.9715 
3.6099999999999994,-0.9717 
3.620000000000001,-0.9718 
3.620000000000001,-0.972 
3.620000000000001,-0.9723 
3.620000000000001,-0.9724 
3.620000000000001,-0.9726 
3.620000000000001,-0.9728 
3.620000000000001,-0.973 
3.620000000000001,-0.9732 
3.620000000000001,-0.9734 
3.620000000000001,-0.9735 
3.630000000000001,-0.9737 
3.630000000000001,-0.9739 
3.630000000000001,-0.9741 
3.630000000000001,-0.9743 
3.630000000000001,-0.9745 
3.630000000000001,-0.9746 
3.630000000000001,-0.9749 
3.630000000000001,-0.975 
3.630000000000001,-0.9753 
3.630000000000001,-0.9754 
3.6400000000000006,-0.9756 
3.6400000000000006,-0.9758 
3.6400000000000006,-0.976 
3.6400000000000006,-0.9762 
3.6400000000000006,-0.9763 
3.6400000000000006,-0.9765 
3.6400000000000006,-0.9767 
3.6400000000000006,-0.9769 
3.6400000000000006,-0.9771 
3.6400000000000006,-0.9772 
3.6500000000000004,-0.9775 
3.6500000000000004,-0.9776 
3.6500000000000004,-0.9778 
3.6500000000000004,-0.978 
3.6500000000000004,-0.9781 
3.6500000000000004,-0.9784 
3.6500000000000004,-0.9785 
3.6500000000000004,-0.9788 
3.6500000000000004,-0.9789 
3.6500000000000004,-0.9791 
3.66,-0.9793 
3.66,-0.9795 
3.66,-0.9797 
3.66,-0.9798 
3.66,-0.98 
3.66,-0.9802 
3.66,-0.9804 
3.66,-0.9806 
3.66,-0.9808 
3.66,-0.981 
3.67,-0.9811 
3.67,-0.9813 
3.67,-0.9815 
3.67,-0.9817 
3.67,-0.9819 
3.67,-0.982 
3.67,-0.9822 
3.67,-0.9824 
3.67,-0.9826 
3.67,-0.9828 
3.6799999999999997,-0.983 
3.6799999999999997,-0.9832 
3.6799999999999997,-0.9833 
3.6799999999999997,-0.9835 
3.6799999999999997,-0.9837 
3.6799999999999997,-0.9839 
3.6799999999999997,-0.9841 
3.6799999999999997,-0.9843 
3.6799999999999997,-0.9845 
3.6799999999999997,-0.9846 
3.6899999999999995,-0.9848 
3.6899999999999995,-0.985 
3.6899999999999995,-0.9851 
3.6899999999999995,-0.9853 
3.6899999999999995,-0.9855 
3.6899999999999995,-0.9857 
3.6899999999999995,-0.9858 
3.6899999999999995,-0.986 
3.6899999999999995,-0.9862 
3.6899999999999995,-0.9864 
3.6999999999999993,-0.9866 
3.6999999999999993,-0.9868 
3.6999999999999993,-0.987 
3.6999999999999993,-0.9872 
3.6999999999999993,-0.9873 
3.6999999999999993,-0.9875 
3.6999999999999993,-0.9877 
3.6999999999999993,-0.9879 
3.6999999999999993,-0.9881 
3.6999999999999993,-0.9883 
3.710000000000001,-0.9885 
3.710000000000001,-0.9886 
3.710000000000001,-0.9888 
3.710000000000001,-0.989 
3.710000000000001,-0.9892 
3.710000000000001,-0.9893 
3.710000000000001,-0.9895 
3.710000000000001,-0.9897 
3.710000000000001,-0.9899 
3.710000000000001,-0.9901 
3.7200000000000006,-0.9903 
3.7200000000000006,-0.9905 
3.7200000000000006,-0.9906 
3.7200000000000006,-0.9908 
3.7200000000000006,-0.991 
3.7200000000000006,-0.9912 
3.7200000000000006,-0.9914 
3.7200000000000006,-0.9915 
3.7200000000000006,-0.9918 
3.7200000000000006,-0.9919 
3.7300000000000004,-0.9921 
3.7300000000000004,-0.9923 
3.7300000000000004,-0.9924 
3.7300000000000004,-0.9927 
3.7300000000000004,-0.9928 
3.7300000000000004,-0.993 
3.7300000000000004,-0.9932 
3.7300000000000004,-0.9934 
3.7300000000000004,-0.9935 
3.7300000000000004,-0.9937 
3.74,-0.9939 
3.74,-0.9941 
3.74,-0.9943 
3.74,-0.9945 
3.74,-0.9946 
3.74,-0.9949 
3.74,-0.995 
3.74,-0.9952 
3.74,-0.9954 
3.74,-0.9956 
3.75,-0.9957 
3.75,-0.9959 
3.75,-0.9961 
3.75,-0.9963 
3.75,-0.9965 
3.75,-0.9966 
3.75,-0.9968 
3.75,-0.997 
3.75,-0.9972 
3.75,-0.9974 
3.76,-0.9975 
3.76,-0.9977 
3.76,-0.9979 
3.76,-0.9981 
3.76,-0.9983 
3.76,-0.9985 
3.76,-0.9987 
3.76,-0.9988 
3.76,-0.999 
3.76,-0.9992 
3.7699999999999996,-0.9994 
3.7699999999999996,-0.9996 
3.7699999999999996,-0.9997 
3.7699999999999996,-0.9999 
