cp50.txt
0.0,-0.1429 
0.0009999999999994458,-0.1429 
0.002000000000000668,-0.1431 
0.0030000000000001137,-0.1434 
0.0039999999999995595,-0.1438 
0.005000000000000782,-0.1444 
0.006000000000000227,-0.145 
0.006999999999999673,-0.1457 
0.008000000000000895,-0.1464 
0.009000000000000341,-0.147 
0.009999999999999787,-0.1475 
0.010999999999999233,-0.1479 
0.012000000000000455,-0.1482 
0.0129999999999999,-0.1486 
0.013999999999999346,-0.1489 
0.015000000000000568,-0.1493 
0.016000000000000014,-0.1497 
0.01699999999999946,-0.1501 
0.018000000000000682,-0.1505 
0.019000000000000128,-0.1508 
0.019999999999999574,-0.1512 
0.021000000000000796,-0.1516 
0.02200000000000024,-0.152 
0.022999999999999687,-0.1524 
0.02400000000000091,-0.1528 
0.025000000000000355,-0.1533 
0.0259999999999998,-0.1537 
0.026999999999999247,-0.1542 
0.02800000000000047,-0.1546 
0.028999999999999915,-0.1551 
0.02999999999999936,-0.1556 
0.031000000000000583,-0.156 
0.03200000000000003,-0.1566 
0.032999999999999474,-0.157 
0.034000000000000696,-0.1575 
0.03500000000000014,-0.158 
0.03599999999999959,-0.1584 
0.03700000000000081,-0.1589 
0.038000000000000256,-0.1594 
0.0389999999999997,-0.1598 
0.040000000000000924,-0.1603 
0.04100000000000037,-0.1607 
0.041999999999999815,-0.1611 
0.04299999999999926,-0.1616 
0.04400000000000048,-0.162 
0.04499999999999993,-0.1624 
0.045999999999999375,-0.1628 
0.0470000000000006,-0.1632 
0.04800000000000004,-0.1636 
0.04899999999999949,-0.1641 
0.05000000000000071,-0.1645 
0.051000000000000156,-0.1649 
0.0519999999999996,-0.1653 
0.053000000000000824,-0.1658 
0.05400000000000027,-0.1662 
0.054999999999999716,-0.1666 
0.05600000000000094,-0.167 
0.057000000000000384,-0.1674 
0.05799999999999983,-0.1677 
0.058999999999999275,-0.1681 
0.0600000000000005,-0.1684 
0.06099999999999994,-0.1687 
0.06199999999999939,-0.169 
0.06300000000000061,-0.1693 
0.06400000000000006,-0.1695 
0.0649999999999995,-0.1698 
0.06600000000000072,-0.17 
0.06700000000000017,-0.1703 
0.06799999999999962,-0.1706 
0.06900000000000084,-0.1709 
0.07000000000000028,-0.1712 
0.07099999999999973,-0.1715 
0.07200000000000095,-0.1718 
0.0730000000000004,-0.1721 
0.07399999999999984,-0.1725 
0.07499999999999929,-0.1728 
0.07600000000000051,-0.1731 
0.07699999999999996,-0.1735 
0.0779999999999994,-0.1739 
0.07900000000000063,-0.1742 
0.08000000000000007,-0.1746 
0.08099999999999952,-0.175 
0.08200000000000074,-0.1754 
0.08300000000000018,-0.1757 
0.08399999999999963,-0.1761 
0.08500000000000085,-0.1765 
0.0860000000000003,-0.1768 
0.08699999999999974,-0.1772 
0.08800000000000097,-0.1776 
0.08900000000000041,-0.178 
0.08999999999999986,-0.1784 
0.0909999999999993,-0.1788 
0.09200000000000053,-0.1791 
0.09299999999999997,-0.1795 
0.09399999999999942,-0.1799 
0.09500000000000064,-0.1803 
0.09600000000000009,-0.1807 
0.09699999999999953,-0.1811 
0.09800000000000075,-0.1815 
0.0990000000000002,-0.1819 
0.09999999999999964,-0.1823 
0.10100000000000087,-0.1827 
0.10200000000000031,-0.1831 
0.10299999999999976,-0.1835 
0.10400000000000098,-0.1839 
0.10500000000000043,-0.1843 
0.10599999999999987,-0.1847 
0.10699999999999932,-0.1851 
0.10800000000000054,-0.1855 
0.10899999999999999,-0.1858 
0.10999999999999943,-0.1863 
0.11100000000000065,-0.1867 
0.1120000000000001,-0.1871 
0.11299999999999955,-0.1875 
0.11400000000000077,-0.1878 
0.11500000000000021,-0.1882 
0.11599999999999966,-0.1886 
0.11700000000000088,-0.1891 
0.11800000000000033,-0.1894 
0.11899999999999977,-0.1898 
0.11999999999999922,-0.1902 
0.12100000000000044,-0.1906 
0.12199999999999989,-0.191 
0.12299999999999933,-0.1914 
0.12400000000000055,-0.1919 
0.125,-0.1922 
0.12599999999999945,-0.1926 
0.12700000000000067,-0.193 
0.1280000000000001,-0.1934 
0.12899999999999956,-0.1939 
0.13000000000000078,-0.1942 
0.13100000000000023,-0.1946 
0.13199999999999967,-0.195 
0.1330000000000009,-0.1954 
0.13400000000000034,-0.1958 
0.1349999999999998,-0.1962 
0.13599999999999923,-0.1966 
0.13700000000000045,-0.197 
0.1379999999999999,-0.1974 
0.13899999999999935,-0.1978 
0.14000000000000057,-0.1982 
0.14100000000000001,-0.1986 
0.14199999999999946,-0.199 
0.14300000000000068,-0.1994 
0.14400000000000013,-0.1998 
0.14499999999999957,-0.2002 
0.1460000000000008,-0.2006 
0.14700000000000024,-0.201 
0.1479999999999997,-0.2014 
0.1490000000000009,-0.2018 
0.15000000000000036,-0.2022 
0.1509999999999998,-0.2025 
0.15199999999999925,-0.2029 
0.15300000000000047,-0.2034 
0.15399999999999991,-0.2037 
0.15499999999999936,-0.2041 
0.15600000000000058,-0.2045 
0.15700000000000003,-0.2049 
0.15799999999999947,-0.2053 
0.1590000000000007,-0.2057 
0.16000000000000014,-0.2061 
0.1609999999999996,-0.2065 
0.1620000000000008,-0.2069 
0.16300000000000026,-0.2073 
0.1639999999999997,-0.2077 
0.16500000000000092,-0.2081 
0.16600000000000037,-0.2085 
0.16699999999999982,-0.2089 
0.16799999999999926,-0.2092 
0.16900000000000048,-0.2097 
0.16999999999999993,-0.2101 
0.17099999999999937,-0.2104 
0.1720000000000006,-0.2108 
0.17300000000000004,-0.2112 
0.1739999999999995,-0.2117 
0.1750000000000007,-0.212 
0.17600000000000016,-0.2125 
0.1769999999999996,-0.2128 
0.17800000000000082,-0.2133 
0.17900000000000027,-0.2136 
0.17999999999999972,-0.214 
0.18100000000000094,-0.2145 
0.18200000000000038,-0.2148 
0.18299999999999983,-0.2153 
0.18399999999999928,-0.2156 
0.1850000000000005,-0.216 
0.18599999999999994,-0.2164 
0.1869999999999994,-0.2168 
0.1880000000000006,-0.2172 
0.18900000000000006,-0.2176 
0.1899999999999995,-0.218 
0.19100000000000072,-0.2184 
0.19200000000000017,-0.2188 
0.19299999999999962,-0.2191 
0.19400000000000084,-0.2195 
0.19500000000000028,-0.22 
0.19599999999999973,-0.2203 
0.19700000000000095,-0.2207 
0.1980000000000004,-0.2211 
0.19899999999999984,-0.2215 
0.1999999999999993,-0.2219 
0.2010000000000005,-0.2223 
0.20199999999999996,-0.2227 
0.2029999999999994,-0.2231 
0.20400000000000063,-0.2235 
0.20500000000000007,-0.2239 
0.20599999999999952,-0.2243 
0.20700000000000074,-0.2247 
0.20800000000000018,-0.225 
0.20899999999999963,-0.2255 
0.21000000000000085,-0.2258 
0.2110000000000003,-0.2262 
0.21199999999999974,-0.2266 
0.21300000000000097,-0.227 
0.2140000000000004,-0.2274 
0.21499999999999986,-0.2278 
0.2159999999999993,-0.2282 
0.21700000000000053,-0.2285 
0.21799999999999997,-0.2289 
0.21899999999999942,-0.2293 
0.22000000000000064,-0.2297 
0.22100000000000009,-0.2302 
0.22199999999999953,-0.2305 
0.22300000000000075,-0.2309 
0.2240000000000002,-0.2313 
0.22499999999999964,-0.2317 
0.22600000000000087,-0.2321 
0.2270000000000003,-0.2325 
0.22799999999999976,-0.2329 
0.22900000000000098,-0.2333 
0.23000000000000043,-0.2336 
0.23099999999999987,-0.234 
0.23199999999999932,-0.2344 
0.23300000000000054,-0.2349 
0.23399999999999999,-0.2352 
0.23499999999999943,-0.2356 
0.23600000000000065,-0.236 
0.2370000000000001,-0.2364 
0.23799999999999955,-0.2367 
0.23900000000000077,-0.2371 
0.2400000000000002,-0.2376 
0.24099999999999966,-0.2379 
0.24200000000000088,-0.2383 
0.24300000000000033,-0.2387 
0.24399999999999977,-0.2391 
0.24499999999999922,-0.2394 
0.24600000000000044,-0.2399 
0.2469999999999999,-0.2403 
0.24799999999999933,-0.2406 
0.24900000000000055,-0.241 
0.25,-0.2414 
0.25099999999999945,-0.2418 
0.25200000000000067,-0.2422 
0.2530000000000001,-0.2425 
0.25399999999999956,-0.243 
0.2550000000000008,-0.2433 
0.2560000000000002,-0.2437 
0.2569999999999997,-0.2441 
0.2580000000000009,-0.2445 
0.25900000000000034,-0.2449 
0.2599999999999998,-0.2453 
0.26099999999999923,-0.2457 
0.26200000000000045,-0.246 
0.2629999999999999,-0.2464 
0.26399999999999935,-0.2468 
0.26500000000000057,-0.2471 
0.266,-0.2476 
0.26699999999999946,-0.248 
0.2680000000000007,-0.2484 
0.26900000000000013,-0.2487 
0.2699999999999996,-0.2491 
0.2710000000000008,-0.2495 
0.27200000000000024,-0.2499 
0.2729999999999997,-0.2503 
0.2740000000000009,-0.2506 
0.27500000000000036,-0.2511 
0.2759999999999998,-0.2514 
0.27699999999999925,-0.2518 
0.27800000000000047,-0.2522 
0.2789999999999999,-0.2526 
0.27999999999999936,-0.253 
0.2810000000000006,-0.2534 
0.28200000000000003,-0.2538 
0.2829999999999995,-0.2541 
0.2840000000000007,-0.2545 
0.28500000000000014,-0.2549 
0.2859999999999996,-0.2553 
0.2870000000000008,-0.2557 
0.28800000000000026,-0.256 
0.2889999999999997,-0.2564 
0.2900000000000009,-0.2568 
0.29100000000000037,-0.2572 
0.2919999999999998,-0.2576 
0.29299999999999926,-0.2579 
0.2940000000000005,-0.2584 
0.29499999999999993,-0.2587 
0.2959999999999994,-0.2591 
0.2970000000000006,-0.2595 
0.29800000000000004,-0.2599 
0.2989999999999995,-0.2603 
0.3000000000000007,-0.2606 
0.30100000000000016,-0.2611 
0.3019999999999996,-0.2614 
0.3030000000000008,-0.2618 
0.30400000000000027,-0.2622 
0.3049999999999997,-0.2625 
0.30600000000000094,-0.2629 
0.3070000000000004,-0.2633 
0.30799999999999983,-0.2637 
0.3089999999999993,-0.2641 
0.3100000000000005,-0.2644 
0.31099999999999994,-0.2648 
0.3119999999999994,-0.2652 
0.3130000000000006,-0.2656 
0.31400000000000006,-0.266 
0.3149999999999995,-0.2664 
0.3160000000000007,-0.2667 
0.31700000000000017,-0.2671 
0.3179999999999996,-0.2675 
0.31900000000000084,-0.2679 
0.3200000000000003,-0.2683 
0.32099999999999973,-0.2686 
0.32200000000000095,-0.269 
0.3230000000000004,-0.2694 
0.32399999999999984,-0.2698 
0.3249999999999993,-0.2702 
0.3260000000000005,-0.2705 
0.32699999999999996,-0.2709 
0.3279999999999994,-0.2713 
0.3290000000000006,-0.2717 
0.33000000000000007,-0.272 
0.3309999999999995,-0.2724 
0.33200000000000074,-0.2729 
0.3330000000000002,-0.2732 
0.33399999999999963,-0.2736 
0.33500000000000085,-0.274 
0.3360000000000003,-0.2743 
0.33699999999999974,-0.2747 
0.33800000000000097,-0.2751 
0.3390000000000004,-0.2755 
0.33999999999999986,-0.2758 
0.3409999999999993,-0.2762 
0.3420000000000005,-0.2766 
0.34299999999999997,-0.277 
0.3439999999999994,-0.2773 
0.34500000000000064,-0.2777 
0.3460000000000001,-0.2781 
0.34699999999999953,-0.2785 
0.34800000000000075,-0.2789 
0.3490000000000002,-0.2792 
0.34999999999999964,-0.2796 
0.35100000000000087,-0.28 
0.3520000000000003,-0.2803 
0.35299999999999976,-0.2808 
0.354000000000001,-0.2811 
0.3550000000000004,-0.2815 
0.35599999999999987,-0.2819 
0.3569999999999993,-0.2822 
0.35800000000000054,-0.2826 
0.359,-0.283 
0.35999999999999943,-0.2834 
0.36100000000000065,-0.2838 
0.3620000000000001,-0.2841 
0.36299999999999955,-0.2845 
0.36400000000000077,-0.2849 
0.3650000000000002,-0.2853 
0.36599999999999966,-0.2856 
0.3670000000000009,-0.286 
0.3680000000000003,-0.2863 
0.3689999999999998,-0.2867 
0.3699999999999992,-0.2871 
0.37100000000000044,-0.2875 
0.3719999999999999,-0.2879 
0.37299999999999933,-0.2882 
0.37400000000000055,-0.2886 
0.375,-0.2889 
0.37599999999999945,-0.2893 
0.37700000000000067,-0.2897 
0.3780000000000001,-0.2901 
0.37899999999999956,-0.2905 
0.3800000000000008,-0.2909 
0.3810000000000002,-0.2912 
0.3819999999999997,-0.2916 
0.3830000000000009,-0.292 
0.38400000000000034,-0.2924 
0.3849999999999998,-0.2927 
0.38599999999999923,-0.2931 
0.38700000000000045,-0.2935 
0.3879999999999999,-0.2939 
0.38899999999999935,-0.2942 
0.39000000000000057,-0.2946 
0.391,-0.295 
0.39199999999999946,-0.2953 
0.3930000000000007,-0.2957 
0.39400000000000013,-0.2961 
0.3949999999999996,-0.2964 
0.3960000000000008,-0.2968 
0.39700000000000024,-0.2972 
0.3979999999999997,-0.2976 
0.3990000000000009,-0.2979 
0.40000000000000036,-0.2983 
0.4009999999999998,-0.2987 
0.40199999999999925,-0.2991 
0.40300000000000047,-0.2995 
0.4039999999999999,-0.2998 
0.40499999999999936,-0.3002 
0.4060000000000006,-0.3005 
0.40700000000000003,-0.3009 
0.4079999999999995,-0.3013 
0.4090000000000007,-0.3016 
0.41000000000000014,-0.302 
0.4109999999999996,-0.3024 
0.4120000000000008,-0.3028 
0.41300000000000026,-0.3032 
0.4139999999999997,-0.3035 
0.4150000000000009,-0.3039 
0.41600000000000037,-0.3042 
0.4169999999999998,-0.3046 
0.41799999999999926,-0.305 
0.4190000000000005,-0.3054 
0.41999999999999993,-0.3057 
0.4209999999999994,-0.3061 
0.4220000000000006,-0.3065 
0.42300000000000004,-0.3068 
0.4239999999999995,-0.3072 
0.4250000000000007,-0.3076 
0.42600000000000016,-0.3079 
0.4269999999999996,-0.3083 
0.4280000000000008,-0.3086 
0.42900000000000027,-0.309 
0.4299999999999997,-0.3094 
0.43100000000000094,-0.3098 
0.4320000000000004,-0.3102 
0.43299999999999983,-0.3105 
0.4339999999999993,-0.3109 
0.4350000000000005,-0.3113 
0.43599999999999994,-0.3117 
0.4369999999999994,-0.312 
0.4380000000000006,-0.3124 
0.43900000000000006,-0.3127 
0.4399999999999995,-0.3131 
0.4410000000000007,-0.3135 
0.44200000000000017,-0.3139 
0.4429999999999996,-0.3142 
0.44400000000000084,-0.3146 
0.4450000000000003,-0.315 
0.44599999999999973,-0.3153 
0.44700000000000095,-0.3157 
0.4480000000000004,-0.316 
0.44899999999999984,-0.3164 
0.4499999999999993,-0.3168 
0.4510000000000005,-0.3172 
0.45199999999999996,-0.3175 
0.4529999999999994,-0.3179 
0.4540000000000006,-0.3182 
0.45500000000000007,-0.3186 
0.4559999999999995,-0.319 
0.45700000000000074,-0.3193 
0.4580000000000002,-0.3197 
0.45899999999999963,-0.32 
0.46000000000000085,-0.3204 
0.4610000000000003,-0.3208 
0.46199999999999974,-0.3211 
0.46300000000000097,-0.3215 
0.4640000000000004,-0.3219 
0.46499999999999986,-0.3222 
0.4659999999999993,-0.3226 
0.4670000000000005,-0.323 
0.46799999999999997,-0.3233 
0.4689999999999994,-0.3237 
0.47000000000000064,-0.3241 
0.4710000000000001,-0.3244 
0.47199999999999953,-0.3248 
0.47300000000000075,-0.3251 
0.4740000000000002,-0.3255 
0.47499999999999964,-0.3259 
0.47600000000000087,-0.3263 
0.4770000000000003,-0.3266 
0.47799999999999976,-0.327 
0.479000000000001,-0.3273 
0.4800000000000004,-0.3277 
0.48099999999999987,-0.328 
0.4819999999999993,-0.3284 
0.48300000000000054,-0.3288 
0.484,-0.3291 
0.48499999999999943,-0.3296 
0.48600000000000065,-0.3299 
0.4870000000000001,-0.3303 
0.48799999999999955,-0.3306 
0.48900000000000077,-0.331 
0.4900000000000002,-0.3313 
0.49099999999999966,-0.3317 
0.4920000000000009,-0.332 
0.4930000000000003,-0.3324 
0.4939999999999998,-0.3328 
0.4949999999999992,-0.3332 
0.49600000000000044,-0.3335 
0.4969999999999999,-0.3339 
0.49799999999999933,-0.3342 
0.49900000000000055,-0.3346 
0.5,-0.335 
0.5009999999999994,-0.3353 
0.5020000000000007,-0.3357 
0.5030000000000001,-0.3361 
0.5039999999999996,-0.3364 
0.5050000000000008,-0.3367 
0.5060000000000002,-0.3371 
0.5069999999999997,-0.3375 
0.5080000000000009,-0.3378 
0.5090000000000003,-0.3382 
0.5099999999999998,-0.3386 
0.5109999999999992,-0.3389 
0.5120000000000005,-0.3393 
0.5129999999999999,-0.3396 
0.5139999999999993,-0.34 
0.5150000000000006,-0.3404 
0.516,-0.3407 
0.5169999999999995,-0.3411 
0.5180000000000007,-0.3415 
0.5190000000000001,-0.3418 
0.5199999999999996,-0.3422 
0.5210000000000008,-0.3425 
0.5220000000000002,-0.3429 
0.5229999999999997,-0.3433 
0.5240000000000009,-0.3436 
0.5250000000000004,-0.3439 
0.5259999999999998,-0.3443 
0.5269999999999992,-0.3447 
0.5280000000000005,-0.345 
0.5289999999999999,-0.3454 
0.5299999999999994,-0.3458 
0.5310000000000006,-0.3461 
0.532,-0.3465 
0.5329999999999995,-0.3468 
0.5340000000000007,-0.3472 
0.5350000000000001,-0.3475 
0.5359999999999996,-0.3479 
0.5370000000000008,-0.3483 
0.5380000000000003,-0.3486 
0.5389999999999997,-0.349 
0.5400000000000009,-0.3493 
0.5410000000000004,-0.3497 
0.5419999999999998,-0.3501 
0.5429999999999993,-0.3504 
0.5440000000000005,-0.3508 
0.5449999999999999,-0.3511 
0.5459999999999994,-0.3515 
0.5470000000000006,-0.3518 
0.548,-0.3522 
0.5489999999999995,-0.3526 
0.5500000000000007,-0.3529 
0.5510000000000002,-0.3533 
0.5519999999999996,-0.3536 
0.5530000000000008,-0.3539 
0.5540000000000003,-0.3544 
0.5549999999999997,-0.3547 
0.5560000000000009,-0.3551 
0.5570000000000004,-0.3554 
0.5579999999999998,-0.3558 
0.5589999999999993,-0.3561 
0.5600000000000005,-0.3564 
0.5609999999999999,-0.3568 
0.5619999999999994,-0.3572 
0.5630000000000006,-0.3576 
0.5640000000000001,-0.3579 
0.5649999999999995,-0.3582 
0.5660000000000007,-0.3586 
0.5670000000000002,-0.3589 
0.5679999999999996,-0.3593 
0.5690000000000008,-0.3596 
0.5700000000000003,-0.36 
0.5709999999999997,-0.3603 
0.572000000000001,-0.3607 
0.5730000000000004,-0.3611 
0.5739999999999998,-0.3614 
0.5749999999999993,-0.3618 
0.5760000000000005,-0.3621 
0.577,-0.3625 
0.5779999999999994,-0.3628 
0.5790000000000006,-0.3632 
0.5800000000000001,-0.3635 
0.5809999999999995,-0.3638 
0.5820000000000007,-0.3642 
0.5830000000000002,-0.3646 
0.5839999999999996,-0.3649 
0.5850000000000009,-0.3653 
0.5860000000000003,-0.3656 
0.5869999999999997,-0.366 
0.588000000000001,-0.3663 
0.5890000000000004,-0.3667 
0.5899999999999999,-0.367 
0.5909999999999993,-0.3674 
0.5920000000000005,-0.3677 
0.593,-0.3681 
0.5939999999999994,-0.3685 
0.5950000000000006,-0.3688 
0.5960000000000001,-0.3692 
0.5969999999999995,-0.3695 
0.5980000000000008,-0.3699 
0.5990000000000002,-0.3702 
0.5999999999999996,-0.3706 
0.6010000000000009,-0.371 
0.6020000000000003,-0.3713 
0.6029999999999998,-0.3717 
0.604000000000001,-0.372 
0.6050000000000004,-0.3723 
0.6059999999999999,-0.3727 
0.6069999999999993,-0.373 
0.6080000000000005,-0.3734 
0.609,-0.3737 
0.6099999999999994,-0.3741 
0.6110000000000007,-0.3744 
0.6120000000000001,-0.3748 
0.6129999999999995,-0.3751 
0.6140000000000008,-0.3755 
0.6150000000000002,-0.3758 
0.6159999999999997,-0.3762 
0.6170000000000009,-0.3766 
0.6180000000000003,-0.3769 
0.6189999999999998,-0.3772 
0.6199999999999992,-0.3776 
0.6210000000000004,-0.3779 
0.6219999999999999,-0.3783 
0.6229999999999993,-0.3787 
0.6240000000000006,-0.379 
0.625,-0.3793 
0.6259999999999994,-0.3797 
0.6270000000000007,-0.3801 
0.6280000000000001,-0.3804 
0.6289999999999996,-0.3808 
0.6300000000000008,-0.3811 
0.6310000000000002,-0.3814 
0.6319999999999997,-0.3818 
0.6330000000000009,-0.3821 
0.6340000000000003,-0.3825 
0.6349999999999998,-0.3828 
0.6359999999999992,-0.3832 
0.6370000000000005,-0.3835 
0.6379999999999999,-0.3839 
0.6389999999999993,-0.3842 
0.6400000000000006,-0.3846 
0.641,-0.3849 
0.6419999999999995,-0.3852 
0.6430000000000007,-0.3856 
0.6440000000000001,-0.3859 
0.6449999999999996,-0.3863 
0.6460000000000008,-0.3866 
0.6470000000000002,-0.387 
0.6479999999999997,-0.3874 
0.6490000000000009,-0.3877 
0.6500000000000004,-0.3881 
0.6509999999999998,-0.3884 
0.6519999999999992,-0.3887 
0.6530000000000005,-0.3891 
0.6539999999999999,-0.3894 
0.6549999999999994,-0.3898 
0.6560000000000006,-0.3901 
0.657,-0.3905 
0.6579999999999995,-0.3909 
0.6590000000000007,-0.3912 
0.6600000000000001,-0.3915 
0.6609999999999996,-0.3919 
0.6620000000000008,-0.3922 
0.6630000000000003,-0.3925 
0.6639999999999997,-0.3929 
0.6650000000000009,-0.3932 
0.6660000000000004,-0.3936 
0.6669999999999998,-0.3939 
0.6679999999999993,-0.3943 
0.6690000000000005,-0.3946 
0.6699999999999999,-0.395 
0.6709999999999994,-0.3953 
0.6720000000000006,-0.3956 
0.673,-0.396 
0.6739999999999995,-0.3964 
0.6750000000000007,-0.3967 
0.6760000000000002,-0.397 
0.6769999999999996,-0.3974 
0.6780000000000008,-0.3977 
0.6790000000000003,-0.398 
0.6799999999999997,-0.3984 
0.6810000000000009,-0.3988 
0.6820000000000004,-0.3991 
0.6829999999999998,-0.3994 
0.6839999999999993,-0.3998 
0.6850000000000005,-0.4001 
0.6859999999999999,-0.4004 
0.6869999999999994,-0.4008 
0.6880000000000006,-0.4011 
0.6890000000000001,-0.4015 
0.6899999999999995,-0.4018 
0.6910000000000007,-0.4022 
0.6920000000000002,-0.4025 
0.6929999999999996,-0.4028 
0.6940000000000008,-0.4032 
0.6950000000000003,-0.4035 
0.6959999999999997,-0.4038 
0.697000000000001,-0.4042 
0.6980000000000004,-0.4045 
0.6989999999999998,-0.4049 
0.6999999999999993,-0.4053 
0.7010000000000005,-0.4056 
0.702,-0.4059 
0.7029999999999994,-0.4062 
0.7040000000000006,-0.4066 
0.7050000000000001,-0.4069 
0.7059999999999995,-0.4073 
0.7070000000000007,-0.4077 
0.7080000000000002,-0.408 
0.7089999999999996,-0.4083 
0.7100000000000009,-0.4087 
0.7110000000000003,-0.409 
0.7119999999999997,-0.4093 
0.713000000000001,-0.4097 
0.7140000000000004,-0.4101 
0.7149999999999999,-0.4104 
0.7159999999999993,-0.4107 
0.7170000000000005,-0.411 
0.718,-0.4114 
0.7189999999999994,-0.4117 
0.7200000000000006,-0.4121 
0.7210000000000001,-0.4124 
0.7219999999999995,-0.4128 
0.7230000000000008,-0.4131 
0.7240000000000002,-0.4134 
0.7249999999999996,-0.4138 
0.7260000000000009,-0.4141 
0.7270000000000003,-0.4144 
0.7279999999999998,-0.4148 
0.729000000000001,-0.4151 
0.7300000000000004,-0.4155 
0.7309999999999999,-0.4158 
0.7319999999999993,-0.4161 
0.7330000000000005,-0.4165 
0.734,-0.4168 
0.7349999999999994,-0.4172 
0.7360000000000007,-0.4175 
0.7370000000000001,-0.4178 
0.7379999999999995,-0.4182 
0.7390000000000008,-0.4185 
0.7400000000000002,-0.4189 
0.7409999999999997,-0.4192 
0.7420000000000009,-0.4196 
0.7430000000000003,-0.4199 
0.7439999999999998,-0.4202 
0.7449999999999992,-0.4205 
0.7460000000000004,-0.4209 
0.7469999999999999,-0.4212 
0.7479999999999993,-0.4215 
0.7490000000000006,-0.4219 
0.75,-0.4222 
0.7509999999999994,-0.4225 
0.7520000000000007,-0.423 
0.7530000000000001,-0.4233 
0.7539999999999996,-0.4236 
0.7550000000000008,-0.4239 
0.7560000000000002,-0.4242 
0.7569999999999997,-0.4246 
0.7580000000000009,-0.4249 
0.7590000000000003,-0.4253 
0.7599999999999998,-0.4256 
0.7609999999999992,-0.426 
0.7620000000000005,-0.4263 
0.7629999999999999,-0.4266 
0.7639999999999993,-0.427 
0.7650000000000006,-0.4273 
0.766,-0.4277 
0.7669999999999995,-0.428 
0.7680000000000007,-0.4283 
0.7690000000000001,-0.4287 
0.7699999999999996,-0.429 
0.7710000000000008,-0.4293 
0.7720000000000002,-0.4297 
0.7729999999999997,-0.43 
0.7740000000000009,-0.4303 
0.7750000000000004,-0.4307 
0.7759999999999998,-0.431 
0.7769999999999992,-0.4313 
0.7780000000000005,-0.4317 
0.7789999999999999,-0.432 
0.7799999999999994,-0.4324 
0.7810000000000006,-0.4327 
0.782,-0.433 
0.7829999999999995,-0.4333 
0.7840000000000007,-0.4337 
0.7850000000000001,-0.434 
0.7859999999999996,-0.4343 
0.7870000000000008,-0.4347 
0.7880000000000003,-0.435 
0.7889999999999997,-0.4353 
0.7900000000000009,-0.4357 
0.7910000000000004,-0.436 
0.7919999999999998,-0.4364 
0.7929999999999993,-0.4367 
0.7940000000000005,-0.437 
0.7949999999999999,-0.4373 
0.7959999999999994,-0.4377 
0.7970000000000006,-0.438 
0.798,-0.4383 
0.7989999999999995,-0.4387 
0.8000000000000007,-0.439 
0.8010000000000002,-0.4394 
0.8019999999999996,-0.4396 
0.8030000000000008,-0.44 
0.8040000000000003,-0.4403 
0.8049999999999997,-0.4407 
0.8060000000000009,-0.441 
0.8070000000000004,-0.4413 
0.8079999999999998,-0.4417 
0.8089999999999993,-0.442 
0.8100000000000005,-0.4423 
0.8109999999999999,-0.4426 
0.8119999999999994,-0.443 
0.8130000000000006,-0.4433 
0.8140000000000001,-0.4436 
0.8149999999999995,-0.444 
0.8160000000000007,-0.4443 
0.8170000000000002,-0.4446 
0.8179999999999996,-0.445 
0.8190000000000008,-0.4453 
0.8200000000000003,-0.4457 
0.8209999999999997,-0.446 
0.822000000000001,-0.4463 
0.8230000000000004,-0.4467 
0.8239999999999998,-0.447 
0.8249999999999993,-0.4473 
0.8260000000000005,-0.4476 
0.827,-0.448 
0.8279999999999994,-0.4483 
0.8290000000000006,-0.4486 
0.8300000000000001,-0.449 
0.8309999999999995,-0.4493 
0.8320000000000007,-0.4496 
0.8330000000000002,-0.4499 
0.8339999999999996,-0.4503 
0.8350000000000009,-0.4506 
0.8360000000000003,-0.4509 
0.8369999999999997,-0.4513 
0.838000000000001,-0.4516 
0.8390000000000004,-0.4519 
0.8399999999999999,-0.4523 
0.8409999999999993,-0.4526 
0.8420000000000005,-0.4529 
0.843,-0.4533 
0.8439999999999994,-0.4535 
0.8450000000000006,-0.4539 
0.8460000000000001,-0.4543 
0.8469999999999995,-0.4545 
0.8480000000000008,-0.4549 
0.8490000000000002,-0.4552 
0.8499999999999996,-0.4555 
0.8510000000000009,-0.4559 
0.8520000000000003,-0.4562 
0.8529999999999998,-0.4565 
0.854000000000001,-0.4568 
0.8550000000000004,-0.4572 
0.8559999999999999,-0.4575 
0.8569999999999993,-0.4578 
0.8580000000000005,-0.4582 
0.859,-0.4585 
0.8599999999999994,-0.4589 
0.8610000000000007,-0.4592 
0.8620000000000001,-0.4595 
0.8629999999999995,-0.4598 
0.8640000000000008,-0.4601 
0.8650000000000002,-0.4605 
0.8659999999999997,-0.4608 
0.8670000000000009,-0.4611 
0.8680000000000003,-0.4615 
0.8689999999999998,-0.4618 
0.8699999999999992,-0.4621 
0.8710000000000004,-0.4624 
0.8719999999999999,-0.4628 
0.8729999999999993,-0.4631 
0.8740000000000006,-0.4634 
0.875,-0.4637 
0.8759999999999994,-0.4641 
0.8770000000000007,-0.4644 
0.8780000000000001,-0.4647 
0.8789999999999996,-0.4651 
0.8800000000000008,-0.4654 
0.8810000000000002,-0.4657 
0.8819999999999997,-0.466 
0.8830000000000009,-0.4664 
0.8840000000000003,-0.4667 
0.8849999999999998,-0.467 
0.8859999999999992,-0.4674 
0.8870000000000005,-0.4677 
0.8879999999999999,-0.468 
0.8889999999999993,-0.4683 
0.8900000000000006,-0.4686 
0.891,-0.469 
0.8919999999999995,-0.4693 
0.8930000000000007,-0.4697 
0.8940000000000001,-0.47 
0.8949999999999996,-0.4703 
0.8960000000000008,-0.4706 
0.8970000000000002,-0.4709 
0.8979999999999997,-0.4713 
0.8990000000000009,-0.4716 
0.9000000000000004,-0.4719 
0.9009999999999998,-0.4722 
0.9019999999999992,-0.4725 
0.9030000000000005,-0.4729 
0.9039999999999999,-0.4732 
0.9049999999999994,-0.4735 
0.9060000000000006,-0.4738 
0.907,-0.4742 
0.9079999999999995,-0.4745 
0.9090000000000007,-0.4748 
0.9100000000000001,-0.4751 
0.9109999999999996,-0.4754 
0.9120000000000008,-0.4758 
0.9130000000000003,-0.4761 
0.9139999999999997,-0.4764 
0.9150000000000009,-0.4767 
0.9160000000000004,-0.477 
0.9169999999999998,-0.4773 
0.9179999999999993,-0.4777 
0.9190000000000005,-0.478 
0.9199999999999999,-0.4783 
0.9209999999999994,-0.4787 
0.9220000000000006,-0.479 
0.923,-0.4793 
0.9239999999999995,-0.4796 
0.9250000000000007,-0.4799 
0.9260000000000002,-0.4803 
0.9269999999999996,-0.4806 
0.9280000000000008,-0.4809 
0.9290000000000003,-0.4812 
0.9299999999999997,-0.4815 
0.9310000000000009,-0.4819 
0.9320000000000004,-0.4822 
0.9329999999999998,-0.4825 
0.9339999999999993,-0.4828 
0.9350000000000005,-0.4831 
0.9359999999999999,-0.4835 
0.9369999999999994,-0.4838 
0.9380000000000006,-0.4841 
0.9390000000000001,-0.4844 
0.9399999999999995,-0.4848 
0.9410000000000007,-0.4851 
0.9420000000000002,-0.4854 
0.9429999999999996,-0.4857 
0.9440000000000008,-0.4861 
0.9450000000000003,-0.4864 
0.9459999999999997,-0.4867 
0.947000000000001,-0.4871 
0.9480000000000004,-0.4873 
0.9489999999999998,-0.4877 
0.9499999999999993,-0.488 
0.9510000000000005,-0.4883 
0.952,-0.4886 
0.9529999999999994,-0.4889 
0.9540000000000006,-0.4893 
0.9550000000000001,-0.4896 
0.9559999999999995,-0.4899 
0.9570000000000007,-0.4902 
0.9580000000000002,-0.4906 
0.9589999999999996,-0.4909 
0.9600000000000009,-0.4912 
0.9610000000000003,-0.4915 
0.9619999999999997,-0.4918 
0.963000000000001,-0.4921 
0.9640000000000004,-0.4925 
0.9649999999999999,-0.4928 
0.9659999999999993,-0.4931 
0.9670000000000005,-0.4934 
0.968,-0.4937 
0.9689999999999994,-0.494 
0.9700000000000006,-0.4944 
0.9710000000000001,-0.4947 
0.9719999999999995,-0.495 
0.9730000000000008,-0.4953 
0.9740000000000002,-0.4956 
0.9749999999999996,-0.496 
0.9760000000000009,-0.4963 
0.9770000000000003,-0.4966 
0.9779999999999998,-0.4969 
0.979000000000001,-0.4972 
0.9800000000000004,-0.4976 
0.9809999999999999,-0.4979 
0.9819999999999993,-0.4982 
0.9830000000000005,-0.4985 
0.984,-0.4989 
0.9849999999999994,-0.4992 
0.9860000000000007,-0.4995 
0.9870000000000001,-0.4998 
0.9879999999999995,-0.5001 
0.9890000000000008,-0.5004 
0.9900000000000002,-0.5007 
0.9909999999999997,-0.5011 
0.9920000000000009,-0.5014 
0.9930000000000003,-0.5017 
0.9939999999999998,-0.502 
0.9949999999999992,-0.5023 
0.9960000000000004,-0.5026 
0.9969999999999999,-0.503 
0.9979999999999993,-0.5033 
0.9990000000000006,-0.5036 
1.0,-0.5039 
1.0009999999999994,-0.5042 
1.0020000000000007,-0.5045 
1.0030000000000001,-0.5049 
1.0039999999999996,-0.5052 
1.0050000000000008,-0.5055 
1.0060000000000002,-0.5058 
1.0069999999999997,-0.5062 
1.008000000000001,-0.5065 
1.0090000000000003,-0.5067 
1.0099999999999998,-0.5071 
1.0109999999999992,-0.5074 
1.0120000000000005,-0.5077 
1.013,-0.5081 
1.0139999999999993,-0.5084 
1.0150000000000006,-0.5086 
1.016,-0.509 
1.0169999999999995,-0.5093 
1.0180000000000007,-0.5097 
1.0190000000000001,-0.51 
1.0199999999999996,-0.5103 
1.0210000000000008,-0.5106 
1.0220000000000002,-0.5109 
1.0229999999999997,-0.5112 
1.024000000000001,-0.5115 
1.0250000000000004,-0.5118 
1.0259999999999998,-0.5121 
1.0269999999999992,-0.5125 
1.0280000000000005,-0.5127 
1.029,-0.5131 
1.0299999999999994,-0.5134 
1.0310000000000006,-0.5137 
1.032,-0.514 
1.0329999999999995,-0.5143 
1.0340000000000007,-0.5147 
1.0350000000000001,-0.515 
1.0359999999999996,-0.5153 
1.0370000000000008,-0.5156 
1.0380000000000003,-0.5159 
1.0389999999999997,-0.5162 
1.040000000000001,-0.5165 
1.0410000000000004,-0.5169 
1.0419999999999998,-0.5171 
1.0429999999999993,-0.5174 
1.0440000000000005,-0.5178 
1.045,-0.5181 
1.0459999999999994,-0.5184 
1.0470000000000006,-0.5187 
1.048,-0.519 
1.0489999999999995,-0.5194 
1.0500000000000007,-0.5196 
1.0510000000000002,-0.52 
1.0519999999999996,-0.5203 
1.0530000000000008,-0.5206 
1.0540000000000003,-0.5209 
1.0549999999999997,-0.5212 
1.056000000000001,-0.5215 
1.0570000000000004,-0.5218 
1.0579999999999998,-0.5222 
1.0589999999999993,-0.5225 
1.0600000000000005,-0.5228 
1.061,-0.5231 
1.0619999999999994,-0.5234 
1.0630000000000006,-0.5237 
1.064,-0.524 
1.0649999999999995,-0.5244 
1.0660000000000007,-0.5246 
1.0670000000000002,-0.525 
1.0679999999999996,-0.5253 
1.0690000000000008,-0.5256 
1.0700000000000003,-0.5259 
1.0709999999999997,-0.5262 
1.072000000000001,-0.5266 
1.0730000000000004,-0.5269 
1.0739999999999998,-0.5272 
1.0749999999999993,-0.5275 
1.0760000000000005,-0.5278 
1.077,-0.5281 
1.0779999999999994,-0.5284 
1.0790000000000006,-0.5288 
1.08,-0.529 
1.0809999999999995,-0.5294 
1.0820000000000007,-0.5297 
1.0830000000000002,-0.53 
1.0839999999999996,-0.5303 
1.0850000000000009,-0.5306 
1.0860000000000003,-0.5309 
1.0869999999999997,-0.5312 
1.088000000000001,-0.5315 
1.0890000000000004,-0.5318 
1.0899999999999999,-0.5321 
1.0909999999999993,-0.5325 
1.0920000000000005,-0.5328 
1.093,-0.5331 
1.0939999999999994,-0.5334 
1.0950000000000006,-0.5337 
1.096,-0.534 
1.0969999999999995,-0.5343 
1.0980000000000008,-0.5347 
1.0990000000000002,-0.535 
1.0999999999999996,-0.5353 
1.1010000000000009,-0.5356 
1.1020000000000003,-0.5359 
1.1029999999999998,-0.5362 
1.104000000000001,-0.5365 
1.1050000000000004,-0.5368 
1.1059999999999999,-0.5371 
1.1069999999999993,-0.5374 
1.1080000000000005,-0.5377 
1.109,-0.538 
1.1099999999999994,-0.5384 
1.1110000000000007,-0.5387 
1.112,-0.539 
1.112,-0.5393 
1.112,-0.5396 
1.112,-0.5399 
1.112,-0.5402 
1.1219999999999999,-0.5405 
1.1219999999999999,-0.5408 
1.1219999999999999,-0.5411 
1.1219999999999999,-0.5414 
1.1219999999999999,-0.5417 
1.1219999999999999,-0.5421 
1.1219999999999999,-0.5423 
1.1219999999999999,-0.5427 
1.1219999999999999,-0.543 
1.1219999999999999,-0.5433 
1.1319999999999997,-0.5436 
1.1319999999999997,-0.5439 
1.1319999999999997,-0.5442 
1.1319999999999997,-0.5445 
1.1319999999999997,-0.5449 
1.1319999999999997,-0.5451 
1.1319999999999997,-0.5455 
1.1319999999999997,-0.5458 
1.1319999999999997,-0.5461 
1.1319999999999997,-0.5464 
1.1419999999999995,-0.5467 
1.1419999999999995,-0.547 
1.1419999999999995,-0.5473 
1.1419999999999995,-0.5477 
1.1419999999999995,-0.5479 
1.1419999999999995,-0.5482 
1.1419999999999995,-0.5485 
1.1419999999999995,-0.5488 
1.1419999999999995,-0.5492 
1.1419999999999995,-0.5495 
1.1519999999999992,-0.5498 
1.1519999999999992,-0.55 
1.1519999999999992,-0.5504 
1.1519999999999992,-0.5506 
1.1519999999999992,-0.551 
1.1519999999999992,-0.5513 
1.1519999999999992,-0.5516 
1.1519999999999992,-0.5519 
1.1519999999999992,-0.5522 
1.1519999999999992,-0.5525 
1.1620000000000008,-0.5529 
1.1620000000000008,-0.5532 
1.1620000000000008,-0.5535 
1.1620000000000008,-0.5537 
1.1620000000000008,-0.5541 
1.1620000000000008,-0.5544 
1.1620000000000008,-0.5546 
1.1620000000000008,-0.555 
1.1620000000000008,-0.5552 
1.1620000000000008,-0.5556 
1.1720000000000006,-0.5558 
1.1720000000000006,-0.5561 
1.1720000000000006,-0.5565 
1.1720000000000006,-0.5568 
1.1720000000000006,-0.5571 
1.1720000000000006,-0.5574 
1.1720000000000006,-0.5577 
1.1720000000000006,-0.558 
1.1720000000000006,-0.5583 
1.1720000000000006,-0.5586 
1.1820000000000004,-0.5589 
1.1820000000000004,-0.5593 
1.1820000000000004,-0.5595 
1.1820000000000004,-0.5599 
1.1820000000000004,-0.5601 
1.1820000000000004,-0.5604 
1.1820000000000004,-0.5607 
1.1820000000000004,-0.561 
1.1820000000000004,-0.5614 
1.1820000000000004,-0.5616 
1.1920000000000002,-0.562 
1.1920000000000002,-0.5622 
1.1920000000000002,-0.5625 
1.1920000000000002,-0.5628 
1.1920000000000002,-0.5632 
1.1920000000000002,-0.5635 
1.1920000000000002,-0.5638 
1.1920000000000002,-0.5641 
1.1920000000000002,-0.5644 
1.1920000000000002,-0.5647 
1.202,-0.565 
1.202,-0.5653 
1.202,-0.5656 
1.202,-0.5659 
1.202,-0.5662 
1.202,-0.5665 
1.202,-0.5668 
1.202,-0.5672 
1.202,-0.5674 
1.202,-0.5678 
1.2119999999999997,-0.568 
1.2119999999999997,-0.5683 
1.2119999999999997,-0.5686 
1.2119999999999997,-0.5689 
1.2119999999999997,-0.5693 
1.2119999999999997,-0.5695 
1.2119999999999997,-0.5698 
1.2119999999999997,-0.5701 
1.2119999999999997,-0.5705 
1.2119999999999997,-0.5707 
1.2219999999999995,-0.571 
1.2219999999999995,-0.5714 
1.2219999999999995,-0.5717 
1.2219999999999995,-0.572 
1.2219999999999995,-0.5723 
1.2219999999999995,-0.5726 
1.2219999999999995,-0.5729 
1.2219999999999995,-0.5732 
1.2219999999999995,-0.5735 
1.2219999999999995,-0.5737 
1.2319999999999993,-0.5741 
1.2319999999999993,-0.5744 
1.2319999999999993,-0.5747 
1.2319999999999993,-0.575 
1.2319999999999993,-0.5752 
1.2319999999999993,-0.5756 
1.2319999999999993,-0.5759 
1.2319999999999993,-0.5762 
1.2319999999999993,-0.5765 
1.2319999999999993,-0.5768 
1.2420000000000009,-0.5771 
1.2420000000000009,-0.5774 
1.2420000000000009,-0.5777 
1.2420000000000009,-0.578 
1.2420000000000009,-0.5783 
1.2420000000000009,-0.5786 
1.2420000000000009,-0.5789 
1.2420000000000009,-0.5792 
1.2420000000000009,-0.5795 
1.2420000000000009,-0.5798 
1.2520000000000007,-0.5801 
1.2520000000000007,-0.5804 
1.2520000000000007,-0.5807 
1.2520000000000007,-0.581 
1.2520000000000007,-0.5813 
1.2520000000000007,-0.5816 
1.2520000000000007,-0.5819 
1.2520000000000007,-0.5822 
1.2520000000000007,-0.5825 
1.2520000000000007,-0.5828 
1.2620000000000005,-0.5831 
1.2620000000000005,-0.5834 
1.2620000000000005,-0.5837 
1.2620000000000005,-0.584 
1.2620000000000005,-0.5843 
1.2620000000000005,-0.5846 
1.2620000000000005,-0.5849 
1.2620000000000005,-0.5852 
1.2620000000000005,-0.5855 
1.2620000000000005,-0.5858 
1.2720000000000002,-0.5861 
1.2720000000000002,-0.5864 
1.2720000000000002,-0.5867 
1.2720000000000002,-0.587 
1.2720000000000002,-0.5873 
1.2720000000000002,-0.5876 
1.2720000000000002,-0.5879 
1.2720000000000002,-0.5882 
1.2720000000000002,-0.5885 
1.2720000000000002,-0.5888 
1.282,-0.5891 
1.282,-0.5894 
1.282,-0.5897 
1.282,-0.59 
1.282,-0.5903 
1.282,-0.5906 
1.282,-0.5909 
1.282,-0.5912 
1.282,-0.5915 
1.282,-0.5918 
1.2919999999999998,-0.592 
1.2919999999999998,-0.5924 
1.2919999999999998,-0.5927 
1.2919999999999998,-0.593 
1.2919999999999998,-0.5933 
1.2919999999999998,-0.5935 
1.2919999999999998,-0.5938 
1.2919999999999998,-0.5941 
1.2919999999999998,-0.5944 
1.2919999999999998,-0.5947 
1.3019999999999996,-0.595 
1.3019999999999996,-0.5953 
1.3019999999999996,-0.5956 
1.3019999999999996,-0.5959 
1.3019999999999996,-0.5962 
1.3019999999999996,-0.5965 
1.3019999999999996,-0.5968 
1.3019999999999996,-0.5971 
1.3019999999999996,-0.5974 
1.3019999999999996,-0.5977 
1.3119999999999994,-0.598 
1.3119999999999994,-0.5982 
1.3119999999999994,-0.5986 
1.3119999999999994,-0.5989 
1.3119999999999994,-0.5991 
1.3119999999999994,-0.5995 
1.3119999999999994,-0.5997 
1.3119999999999994,-0.6 
1.3119999999999994,-0.6003 
1.3119999999999994,-0.6006 
1.322000000000001,-0.601 
1.322000000000001,-0.6012 
1.322000000000001,-0.6016 
1.322000000000001,-0.6018 
1.322000000000001,-0.6021 
1.322000000000001,-0.6024 
1.322000000000001,-0.6027 
1.322000000000001,-0.603 
1.322000000000001,-0.6033 
1.322000000000001,-0.6036 
1.3320000000000007,-0.6039 
1.3320000000000007,-0.6042 
1.3320000000000007,-0.6045 
1.3320000000000007,-0.6048 
1.3320000000000007,-0.6051 
1.3320000000000007,-0.6054 
1.3320000000000007,-0.6057 
1.3320000000000007,-0.6059 
1.3320000000000007,-0.6062 
1.3320000000000007,-0.6066 
1.3420000000000005,-0.6068 
1.3420000000000005,-0.6072 
1.3420000000000005,-0.6074 
1.3420000000000005,-0.6077 
1.3420000000000005,-0.608 
1.3420000000000005,-0.6083 
1.3420000000000005,-0.6086 
1.3420000000000005,-0.6089 
1.3420000000000005,-0.6092 
1.3420000000000005,-0.6095 
1.3520000000000003,-0.6097 
1.3520000000000003,-0.6101 
1.3520000000000003,-0.6103 
1.3520000000000003,-0.6107 
1.3520000000000003,-0.6109 
1.3520000000000003,-0.6113 
1.3520000000000003,-0.6115 
1.3520000000000003,-0.6118 
1.3520000000000003,-0.6121 
1.3520000000000003,-0.6124 
1.362,-0.6127 
1.362,-0.613 
1.362,-0.6133 
1.362,-0.6136 
1.362,-0.6139 
1.362,-0.6142 
1.362,-0.6145 
1.362,-0.6148 
1.362,-0.6151 
1.362,-0.6154 
1.3719999999999999,-0.6156 
1.3719999999999999,-0.616 
1.3719999999999999,-0.6162 
1.3719999999999999,-0.6165 
1.3719999999999999,-0.6168 
1.3719999999999999,-0.6171 
1.3719999999999999,-0.6174 
1.3719999999999999,-0.6177 
1.3719999999999999,-0.618 
1.3719999999999999,-0.6183 
1.3819999999999997,-0.6185 
1.3819999999999997,-0.6189 
1.3819999999999997,-0.6192 
1.3819999999999997,-0.6194 
1.3819999999999997,-0.6197 
1.3819999999999997,-0.62 
1.3819999999999997,-0.6203 
1.3819999999999997,-0.6206 
1.3819999999999997,-0.6209 
1.3819999999999997,-0.6212 
1.3919999999999995,-0.6214 
1.3919999999999995,-0.6218 
1.3919999999999995,-0.6221 
1.3919999999999995,-0.6224 
1.3919999999999995,-0.6226 
1.3919999999999995,-0.623 
1.3919999999999995,-0.6232 
1.3919999999999995,-0.6235 
1.3919999999999995,-0.6238 
1.3919999999999995,-0.6241 
1.4019999999999992,-0.6244 
1.4019999999999992,-0.6247 
1.4019999999999992,-0.625 
1.4019999999999992,-0.6253 
1.4019999999999992,-0.6256 
1.4019999999999992,-0.6259 
1.4019999999999992,-0.6262 
1.4019999999999992,-0.6265 
1.4019999999999992,-0.6267 
1.4019999999999992,-0.6271 
1.4120000000000008,-0.6273 
1.4120000000000008,-0.6276 
1.4120000000000008,-0.6279 
1.4120000000000008,-0.6282 
1.4120000000000008,-0.6285 
1.4120000000000008,-0.6288 
1.4120000000000008,-0.6291 
1.4120000000000008,-0.6293 
1.4120000000000008,-0.6296 
1.4120000000000008,-0.6299 
1.4220000000000006,-0.6302 
1.4220000000000006,-0.6305 
1.4220000000000006,-0.6308 
1.4220000000000006,-0.6311 
1.4220000000000006,-0.6314 
1.4220000000000006,-0.6317 
1.4220000000000006,-0.6319 
1.4220000000000006,-0.6322 
1.4220000000000006,-0.6325 
1.4220000000000006,-0.6328 
1.4320000000000004,-0.6331 
1.4320000000000004,-0.6334 
1.4320000000000004,-0.6336 
1.4320000000000004,-0.634 
1.4320000000000004,-0.6342 
1.4320000000000004,-0.6345 
1.4320000000000004,-0.6348 
1.4320000000000004,-0.6351 
1.4320000000000004,-0.6354 
1.4320000000000004,-0.6357 
1.4420000000000002,-0.636 
1.4420000000000002,-0.6362 
1.4420000000000002,-0.6365 
1.4420000000000002,-0.6368 
1.4420000000000002,-0.6371 
1.4420000000000002,-0.6374 
1.4420000000000002,-0.6377 
1.4420000000000002,-0.638 
1.4420000000000002,-0.6383 
1.4420000000000002,-0.6386 
1.452,-0.6388 
1.452,-0.6391 
1.452,-0.6394 
1.452,-0.6397 
1.452,-0.64 
1.452,-0.6403 
1.452,-0.6405 
1.452,-0.6408 
1.452,-0.6411 
1.452,-0.6414 
1.4619999999999997,-0.6417 
1.4619999999999997,-0.642 
1.4619999999999997,-0.6423 
1.4619999999999997,-0.6426 
1.4619999999999997,-0.6429 
1.4619999999999997,-0.6432 
1.4619999999999997,-0.6435 
1.4619999999999997,-0.6437 
1.4619999999999997,-0.644 
1.4619999999999997,-0.6443 
1.4719999999999995,-0.6446 
1.4719999999999995,-0.6449 
1.4719999999999995,-0.6452 
1.4719999999999995,-0.6455 
1.4719999999999995,-0.6458 
1.4719999999999995,-0.6461 
1.4719999999999995,-0.6463 
1.4719999999999995,-0.6466 
1.4719999999999995,-0.6469 
1.4719999999999995,-0.6472 
1.4819999999999993,-0.6475 
1.4819999999999993,-0.6477 
1.4819999999999993,-0.6481 
1.4819999999999993,-0.6483 
1.4819999999999993,-0.6486 
1.4819999999999993,-0.6489 
1.4819999999999993,-0.6491 
1.4819999999999993,-0.6495 
1.4819999999999993,-0.6497 
1.4819999999999993,-0.65 
1.4920000000000009,-0.6503 
1.4920000000000009,-0.6506 
1.4920000000000009,-0.6509 
1.4920000000000009,-0.6512 
1.4920000000000009,-0.6515 
1.4920000000000009,-0.6517 
1.4920000000000009,-0.652 
1.4920000000000009,-0.6523 
1.4920000000000009,-0.6526 
1.4920000000000009,-0.6529 
1.5020000000000007,-0.6532 
1.5020000000000007,-0.6535 
1.5020000000000007,-0.6537 
1.5020000000000007,-0.654 
1.5020000000000007,-0.6543 
1.5020000000000007,-0.6546 
1.5020000000000007,-0.6549 
1.5020000000000007,-0.6552 
1.5020000000000007,-0.6555 
1.5020000000000007,-0.6557 
1.5120000000000005,-0.656 
1.5120000000000005,-0.6563 
1.5120000000000005,-0.6566 
1.5120000000000005,-0.6569 
1.5120000000000005,-0.6571 
1.5120000000000005,-0.6574 
1.5120000000000005,-0.6577 
1.5120000000000005,-0.658 
1.5120000000000005,-0.6583 
1.5120000000000005,-0.6586 
1.5220000000000002,-0.6589 
1.5220000000000002,-0.6591 
1.5220000000000002,-0.6594 
1.5220000000000002,-0.6597 
1.5220000000000002,-0.66 
1.5220000000000002,-0.6603 
1.5220000000000002,-0.6605 
1.5220000000000002,-0.6609 
1.5220000000000002,-0.6611 
1.5220000000000002,-0.6614 
1.532,-0.6617 
1.532,-0.662 
1.532,-0.6623 
1.532,-0.6626 
1.532,-0.6629 
1.532,-0.6631 
1.532,-0.6634 
1.532,-0.6637 
1.532,-0.664 
1.532,-0.6643 
1.5419999999999998,-0.6645 
1.5419999999999998,-0.6648 
1.5419999999999998,-0.6651 
1.5419999999999998,-0.6654 
1.5419999999999998,-0.6657 
1.5419999999999998,-0.666 
1.5419999999999998,-0.6663 
1.5419999999999998,-0.6665 
1.5419999999999998,-0.6668 
1.5419999999999998,-0.6671 
1.5519999999999996,-0.6674 
1.5519999999999996,-0.6676 
1.5519999999999996,-0.6679 
1.5519999999999996,-0.6682 
1.5519999999999996,-0.6685 
1.5519999999999996,-0.6688 
1.5519999999999996,-0.669 
1.5519999999999996,-0.6693 
1.5519999999999996,-0.6696 
1.5519999999999996,-0.6699 
1.5619999999999994,-0.6702 
1.5619999999999994,-0.6704 
1.5619999999999994,-0.6708 
1.5619999999999994,-0.671 
1.5619999999999994,-0.6713 
1.5619999999999994,-0.6716 
1.5619999999999994,-0.6719 
1.5619999999999994,-0.6721 
1.5619999999999994,-0.6724 
1.5619999999999994,-0.6727 
1.572000000000001,-0.673 
1.572000000000001,-0.6732 
1.572000000000001,-0.6735 
1.572000000000001,-0.6738 
1.572000000000001,-0.6741 
1.572000000000001,-0.6744 
1.572000000000001,-0.6746 
1.572000000000001,-0.6749 
1.572000000000001,-0.6752 
1.572000000000001,-0.6755 
1.5820000000000007,-0.6757 
1.5820000000000007,-0.6761 
1.5820000000000007,-0.6763 
1.5820000000000007,-0.6766 
1.5820000000000007,-0.6769 
1.5820000000000007,-0.6772 
1.5820000000000007,-0.6774 
1.5820000000000007,-0.6777 
1.5820000000000007,-0.678 
1.5820000000000007,-0.6783 
1.5920000000000005,-0.6786 
1.5920000000000005,-0.6788 
1.5920000000000005,-0.6791 
1.5920000000000005,-0.6794 
1.5920000000000005,-0.6797 
1.5920000000000005,-0.68 
1.5920000000000005,-0.6802 
1.5920000000000005,-0.6805 
1.5920000000000005,-0.6808 
1.5920000000000005,-0.6811 
1.6020000000000003,-0.6814 
1.6020000000000003,-0.6817 
1.6020000000000003,-0.6819 
1.6020000000000003,-0.6822 
1.6020000000000003,-0.6825 
1.6020000000000003,-0.6828 
1.6020000000000003,-0.683 
1.6020000000000003,-0.6834 
1.6020000000000003,-0.6836 
1.6020000000000003,-0.6839 
1.612,-0.6842 
1.612,-0.6844 
1.612,-0.6848 
1.612,-0.685 
1.612,-0.6853 
1.612,-0.6856 
1.612,-0.6858 
1.612,-0.6861 
1.612,-0.6864 
1.612,-0.6867 
1.6219999999999999,-0.6869 
1.6219999999999999,-0.6872 
1.6219999999999999,-0.6875 
1.6219999999999999,-0.6878 
1.6219999999999999,-0.6881 
1.6219999999999999,-0.6883 
1.6219999999999999,-0.6887 
1.6219999999999999,-0.6889 
1.6219999999999999,-0.6892 
1.6219999999999999,-0.6895 
1.6319999999999997,-0.6897 
1.6319999999999997,-0.69 
1.6319999999999997,-0.6903 
1.6319999999999997,-0.6906 
1.6319999999999997,-0.6908 
1.6319999999999997,-0.6911 
1.6319999999999997,-0.6914 
1.6319999999999997,-0.6917 
1.6319999999999997,-0.692 
1.6319999999999997,-0.6922 
1.6419999999999995,-0.6926 
1.6419999999999995,-0.6928 
1.6419999999999995,-0.6931 
1.6419999999999995,-0.6934 
1.6419999999999995,-0.6936 
1.6419999999999995,-0.694 
1.6419999999999995,-0.6942 
1.6419999999999995,-0.6945 
1.6419999999999995,-0.6947 
1.6419999999999995,-0.695 
1.6519999999999992,-0.6953 
1.6519999999999992,-0.6956 
1.6519999999999992,-0.6959 
1.6519999999999992,-0.6961 
1.6519999999999992,-0.6964 
1.6519999999999992,-0.6967 
1.6519999999999992,-0.6969 
1.6519999999999992,-0.6972 
1.6519999999999992,-0.6975 
1.6519999999999992,-0.6978 
1.6620000000000008,-0.6981 
1.6620000000000008,-0.6984 
1.6620000000000008,-0.6986 
1.6620000000000008,-0.6989 
1.6620000000000008,-0.6992 
1.6620000000000008,-0.6994 
1.6620000000000008,-0.6998 
1.6620000000000008,-0.7 
1.6620000000000008,-0.7003 
1.6620000000000008,-0.7005 
1.6720000000000006,-0.7008 
1.6720000000000006,-0.7011 
1.6720000000000006,-0.7014 
1.6720000000000006,-0.7017 
1.6720000000000006,-0.7019 
1.6720000000000006,-0.7022 
1.6720000000000006,-0.7025 
1.6720000000000006,-0.7028 
1.6720000000000006,-0.7031 
1.6720000000000006,-0.7033 
1.6820000000000004,-0.7036 
1.6820000000000004,-0.7039 
1.6820000000000004,-0.7041 
1.6820000000000004,-0.7044 
1.6820000000000004,-0.7047 
1.6820000000000004,-0.705 
1.6820000000000004,-0.7053 
1.6820000000000004,-0.7056 
1.6820000000000004,-0.7058 
1.6820000000000004,-0.7061 
1.6920000000000002,-0.7064 
1.6920000000000002,-0.7066 
1.6920000000000002,-0.7069 
1.6920000000000002,-0.7072 
1.6920000000000002,-0.7075 
1.6920000000000002,-0.7077 
1.6920000000000002,-0.708 
1.6920000000000002,-0.7083 
1.6920000000000002,-0.7085 
1.6920000000000002,-0.7088 
1.702,-0.7091 
1.702,-0.7094 
1.702,-0.7097 
1.702,-0.7099 
1.702,-0.7102 
1.702,-0.7105 
1.702,-0.7108 
1.702,-0.711 
1.702,-0.7112 
1.702,-0.7115 
1.7119999999999997,-0.7118 
1.7119999999999997,-0.7121 
1.7119999999999997,-0.7124 
1.7119999999999997,-0.7126 
1.7119999999999997,-0.7129 
1.7119999999999997,-0.7132 
1.7119999999999997,-0.7135 
1.7119999999999997,-0.7137 
1.7119999999999997,-0.714 
1.7119999999999997,-0.7143 
1.7219999999999995,-0.7146 
1.7219999999999995,-0.7149 
1.7219999999999995,-0.7151 
1.7219999999999995,-0.7154 
1.7219999999999995,-0.7156 
1.7219999999999995,-0.716 
1.7219999999999995,-0.7162 
1.7219999999999995,-0.7165 
1.7219999999999995,-0.7167 
1.7219999999999995,-0.717 
1.7319999999999993,-0.7173 
1.7319999999999993,-0.7175 
1.7319999999999993,-0.7178 
1.7319999999999993,-0.7181 
1.7319999999999993,-0.7184 
1.7319999999999993,-0.7186 
1.7319999999999993,-0.7189 
1.7319999999999993,-0.7192 
1.7319999999999993,-0.7195 
1.7319999999999993,-0.7198 
1.7420000000000009,-0.72 
1.7420000000000009,-0.7203 
1.7420000000000009,-0.7205 
1.7420000000000009,-0.7208 
1.7420000000000009,-0.7212 
1.7420000000000009,-0.7214 
1.7420000000000009,-0.7217 
1.7420000000000009,-0.7219 
1.7420000000000009,-0.7222 
1.7420000000000009,-0.7225 
1.7520000000000007,-0.7228 
1.7520000000000007,-0.723 
1.7520000000000007,-0.7233 
1.7520000000000007,-0.7236 
1.7520000000000007,-0.7238 
1.7520000000000007,-0.7241 
1.7520000000000007,-0.7244 
1.7520000000000007,-0.7247 
1.7520000000000007,-0.725 
1.7520000000000007,-0.7252 
1.7620000000000005,-0.7255 
1.7620000000000005,-0.7257 
1.7620000000000005,-0.726 
1.7620000000000005,-0.7263 
1.7620000000000005,-0.7266 
1.7620000000000005,-0.7268 
1.7620000000000005,-0.7271 
1.7620000000000005,-0.7274 
1.7620000000000005,-0.7276 
1.7620000000000005,-0.7279 
1.7720000000000002,-0.7282 
1.7720000000000002,-0.7284 
1.7720000000000002,-0.7288 
1.7720000000000002,-0.729 
1.7720000000000002,-0.7293 
1.7720000000000002,-0.7295 
1.7720000000000002,-0.7298 
1.7720000000000002,-0.7301 
1.7720000000000002,-0.7303 
1.7720000000000002,-0.7307 
1.782,-0.7309 
1.782,-0.7312 
1.782,-0.7314 
1.782,-0.7317 
1.782,-0.732 
1.782,-0.7323 
1.782,-0.7326 
1.782,-0.7328 
1.782,-0.7331 
1.782,-0.7333 
1.7919999999999998,-0.7336 
1.7919999999999998,-0.7339 
1.7919999999999998,-0.7341 
1.7919999999999998,-0.7344 
1.7919999999999998,-0.7347 
1.7919999999999998,-0.735 
1.7919999999999998,-0.7352 
1.7919999999999998,-0.7355 
1.7919999999999998,-0.7358 
1.7919999999999998,-0.736 
1.8019999999999996,-0.7363 
1.8019999999999996,-0.7366 
1.8019999999999996,-0.7368 
1.8019999999999996,-0.7371 
1.8019999999999996,-0.7374 
1.8019999999999996,-0.7377 
1.8019999999999996,-0.7379 
1.8019999999999996,-0.7382 
1.8019999999999996,-0.7384 
1.8019999999999996,-0.7387 
1.8119999999999994,-0.739 
1.8119999999999994,-0.7393 
1.8119999999999994,-0.7396 
1.8119999999999994,-0.7398 
1.8119999999999994,-0.7401 
1.8119999999999994,-0.7403 
1.8119999999999994,-0.7406 
1.8119999999999994,-0.7409 
1.8119999999999994,-0.7411 
1.8119999999999994,-0.7415 
1.822000000000001,-0.7417 
1.822000000000001,-0.742 
1.822000000000001,-0.7423 
1.822000000000001,-0.7425 
1.822000000000001,-0.7428 
1.822000000000001,-0.7431 
1.822000000000001,-0.7434 
1.822000000000001,-0.7436 
1.822000000000001,-0.7438 
1.822000000000001,-0.7441 
1.8320000000000007,-0.7444 
1.8320000000000007,-0.7447 
1.8320000000000007,-0.7449 
1.8320000000000007,-0.7452 
1.8320000000000007,-0.7454 
1.8320000000000007,-0.7457 
1.8320000000000007,-0.746 
1.8320000000000007,-0.7463 
1.8320000000000007,-0.7465 
1.8320000000000007,-0.7468 
1.8420000000000005,-0.7471 
1.8420000000000005,-0.7473 
1.8420000000000005,-0.7476 
1.8420000000000005,-0.7479 
1.8420000000000005,-0.7482 
1.8420000000000005,-0.7484 
1.8420000000000005,-0.7486 
1.8420000000000005,-0.7489 
1.8420000000000005,-0.7492 
1.8420000000000005,-0.7495 
1.8520000000000003,-0.7497 
1.8520000000000003,-0.75 
1.8520000000000003,-0.7503 
1.8520000000000003,-0.7505 
1.8520000000000003,-0.7508 
1.8520000000000003,-0.751 
1.8520000000000003,-0.7513 
1.8520000000000003,-0.7516 
1.8520000000000003,-0.7519 
1.8520000000000003,-0.7522 
1.862,-0.7524 
1.862,-0.7527 
1.862,-0.7529 
1.862,-0.7532 
1.862,-0.7535 
1.862,-0.7537 
1.862,-0.754 
1.862,-0.7543 
1.862,-0.7545 
1.862,-0.7548 
1.8719999999999999,-0.755 
1.8719999999999999,-0.7554 
1.8719999999999999,-0.7556 
1.8719999999999999,-0.7559 
1.8719999999999999,-0.7561 
1.8719999999999999,-0.7564 
1.8719999999999999,-0.7567 
1.8719999999999999,-0.7569 
1.8719999999999999,-0.7572 
1.8719999999999999,-0.7574 
1.8819999999999997,-0.7578 
1.8819999999999997,-0.758 
1.8819999999999997,-0.7583 
1.8819999999999997,-0.7585 
1.8819999999999997,-0.7588 
1.8819999999999997,-0.7591 
1.8819999999999997,-0.7593 
1.8819999999999997,-0.7596 
1.8819999999999997,-0.7598 
1.8819999999999997,-0.7601 
1.8919999999999995,-0.7604 
1.8919999999999995,-0.7607 
1.8919999999999995,-0.7609 
1.8919999999999995,-0.7612 
1.8919999999999995,-0.7614 
1.8919999999999995,-0.7617 
1.8919999999999995,-0.762 
1.8919999999999995,-0.7623 
1.8919999999999995,-0.7625 
1.8919999999999995,-0.7628 
1.9019999999999992,-0.7631 
1.9019999999999992,-0.7633 
1.9019999999999992,-0.7636 
1.9019999999999992,-0.7638 
1.9019999999999992,-0.7642 
1.9019999999999992,-0.7644 
1.9019999999999992,-0.7647 
1.9019999999999992,-0.7649 
1.9019999999999992,-0.7652 
1.9019999999999992,-0.7654 
1.9120000000000008,-0.7657 
1.9120000000000008,-0.766 
1.9120000000000008,-0.7662 
1.9120000000000008,-0.7665 
1.9120000000000008,-0.7668 
1.9120000000000008,-0.767 
1.9120000000000008,-0.7673 
1.9120000000000008,-0.7676 
1.9120000000000008,-0.7679 
1.9120000000000008,-0.7681 
1.9220000000000006,-0.7684 
1.9220000000000006,-0.7686 
1.9220000000000006,-0.7689 
1.9220000000000006,-0.7692 
1.9220000000000006,-0.7694 
1.9220000000000006,-0.7697 
1.9220000000000006,-0.77 
1.9220000000000006,-0.7702 
1.9220000000000006,-0.7705 
1.9220000000000006,-0.7707 
1.9320000000000004,-0.771 
1.9320000000000004,-0.7713 
1.9320000000000004,-0.7716 
1.9320000000000004,-0.7718 
1.9320000000000004,-0.7721 
1.9320000000000004,-0.7723 
1.9320000000000004,-0.7726 
1.9320000000000004,-0.7729 
1.9320000000000004,-0.7731 
1.9320000000000004,-0.7734 
1.9420000000000002,-0.7736 
1.9420000000000002,-0.7739 
1.9420000000000002,-0.7742 
1.9420000000000002,-0.7745 
1.9420000000000002,-0.7747 
1.9420000000000002,-0.775 
1.9420000000000002,-0.7752 
1.9420000000000002,-0.7755 
1.9420000000000002,-0.7758 
1.9420000000000002,-0.776 
1.952,-0.7763 
1.952,-0.7766 
1.952,-0.7768 
1.952,-0.7771 
1.952,-0.7773 
1.952,-0.7776 
1.952,-0.7779 
1.952,-0.7781 
1.952,-0.7784 
1.952,-0.7786 
1.9619999999999997,-0.7789 
1.9619999999999997,-0.7792 
1.9619999999999997,-0.7794 
1.9619999999999997,-0.7797 
1.9619999999999997,-0.78 
1.9619999999999997,-0.7803 
1.9619999999999997,-0.7805 
1.9619999999999997,-0.7808 
1.9619999999999997,-0.781 
1.9619999999999997,-0.7813 
1.9719999999999995,-0.7816 
1.9719999999999995,-0.7818 
1.9719999999999995,-0.7821 
1.9719999999999995,-0.7824 
1.9719999999999995,-0.7826 
1.9719999999999995,-0.7829 
1.9719999999999995,-0.7831 
1.9719999999999995,-0.7834 
1.9719999999999995,-0.7836 
1.9719999999999995,-0.7839 
1.9819999999999993,-0.7842 
1.9819999999999993,-0.7844 
1.9819999999999993,-0.7847 
1.9819999999999993,-0.7849 
1.9819999999999993,-0.7853 
1.9819999999999993,-0.7855 
1.9819999999999993,-0.7858 
1.9819999999999993,-0.786 
1.9819999999999993,-0.7863 
1.9819999999999993,-0.7865 
1.9920000000000009,-0.7868 
1.9920000000000009,-0.7871 
1.9920000000000009,-0.7873 
1.9920000000000009,-0.7876 
1.9920000000000009,-0.7878 
1.9920000000000009,-0.7881 
1.9920000000000009,-0.7883 
1.9920000000000009,-0.7886 
1.9920000000000009,-0.7889 
1.9920000000000009,-0.7892 
2.0020000000000007,-0.7894 
2.0020000000000007,-0.7896 
2.0020000000000007,-0.7899 
2.0020000000000007,-0.7902 
2.0020000000000007,-0.7904 
2.0020000000000007,-0.7907 
2.0020000000000007,-0.7909 
2.0020000000000007,-0.7912 
2.0020000000000007,-0.7914 
2.0020000000000007,-0.7917 
2.0120000000000005,-0.792 
2.0120000000000005,-0.7923 
2.0120000000000005,-0.7925 
2.0120000000000005,-0.7928 
2.0120000000000005,-0.793 
2.0120000000000005,-0.7933 
2.0120000000000005,-0.7936 
2.0120000000000005,-0.7938 
2.0120000000000005,-0.7941 
2.0120000000000005,-0.7944 
2.0220000000000002,-0.7946 
2.0220000000000002,-0.7948 
2.0220000000000002,-0.7951 
2.0220000000000002,-0.7954 
2.0220000000000002,-0.7956 
2.0220000000000002,-0.7959 
2.0220000000000002,-0.7961 
2.0220000000000002,-0.7964 
2.0220000000000002,-0.7966 
2.0220000000000002,-0.7969 
2.032,-0.7971 
2.032,-0.7975 
2.032,-0.7977 
2.032,-0.798 
2.032,-0.7982 
2.032,-0.7985 
2.032,-0.7988 
2.032,-0.799 
2.032,-0.7993 
2.032,-0.7995 
2.042,-0.7998 
2.042,-0.8001 
2.042,-0.8003 
2.042,-0.8006 
2.042,-0.8008 
2.042,-0.8011 
2.042,-0.8014 
2.042,-0.8016 
2.042,-0.8019 
2.042,-0.8021 
2.0519999999999996,-0.8024 
2.0519999999999996,-0.8027 
2.0519999999999996,-0.8029 
2.0519999999999996,-0.8032 
2.0519999999999996,-0.8034 
2.0519999999999996,-0.8037 
2.0519999999999996,-0.804 
2.0519999999999996,-0.8042 
2.0519999999999996,-0.8044 
2.0519999999999996,-0.8047 
2.0619999999999994,-0.805 
2.0619999999999994,-0.8052 
2.0619999999999994,-0.8055 
2.0619999999999994,-0.8057 
2.0619999999999994,-0.806 
2.0619999999999994,-0.8063 
2.0619999999999994,-0.8065 
2.0619999999999994,-0.8068 
2.0619999999999994,-0.807 
2.0619999999999994,-0.8073 
2.072000000000001,-0.8076 
2.072000000000001,-0.8078 
2.072000000000001,-0.8081 
2.072000000000001,-0.8083 
2.072000000000001,-0.8086 
2.072000000000001,-0.8088 
2.072000000000001,-0.8091 
2.072000000000001,-0.8094 
2.072000000000001,-0.8097 
2.072000000000001,-0.8099 
2.0820000000000007,-0.8102 
2.0820000000000007,-0.8104 
2.0820000000000007,-0.8107 
2.0820000000000007,-0.8109 
2.0820000000000007,-0.8112 
2.0820000000000007,-0.8115 
2.0820000000000007,-0.8117 
2.0820000000000007,-0.812 
2.0820000000000007,-0.8122 
2.0820000000000007,-0.8124 
2.0920000000000005,-0.8128 
2.0920000000000005,-0.813 
2.0920000000000005,-0.8132 
2.0920000000000005,-0.8135 
2.0920000000000005,-0.8138 
2.0920000000000005,-0.814 
2.0920000000000005,-0.8143 
2.0920000000000005,-0.8146 
2.0920000000000005,-0.8148 
2.0920000000000005,-0.8151 
2.1020000000000003,-0.8153 
2.1020000000000003,-0.8155 
2.1020000000000003,-0.8158 
2.1020000000000003,-0.8161 
2.1020000000000003,-0.8163 
2.1020000000000003,-0.8166 
2.1020000000000003,-0.8168 
2.1020000000000003,-0.8171 
2.1020000000000003,-0.8173 
2.1020000000000003,-0.8176 
2.112,-0.8178 
2.112,-0.8181 
2.112,-0.8184 
2.112,-0.8186 
2.112,-0.8189 
2.112,-0.8191 
2.112,-0.8194 
2.112,-0.8197 
2.112,-0.82 
2.112,-0.8202 
2.122,-0.8204 
2.122,-0.8207 
2.122,-0.821 
2.122,-0.8213 
2.122,-0.8215 
2.122,-0.8218 
2.122,-0.822 
2.122,-0.8223 
2.122,-0.8225 
2.122,-0.8227 
2.1319999999999997,-0.823 
2.1319999999999997,-0.8233 
2.1319999999999997,-0.8235 
2.1319999999999997,-0.8238 
2.1319999999999997,-0.824 
2.1319999999999997,-0.8243 
2.1319999999999997,-0.8245 
2.1319999999999997,-0.8248 
2.1319999999999997,-0.825 
2.1319999999999997,-0.8253 
2.1419999999999995,-0.8255 
2.1419999999999995,-0.8258 
2.1419999999999995,-0.8261 
2.1419999999999995,-0.8263 
2.1419999999999995,-0.8266 
2.1419999999999995,-0.8268 
2.1419999999999995,-0.8271 
2.1419999999999995,-0.8274 
2.1419999999999995,-0.8276 
2.1419999999999995,-0.8279 
2.1519999999999992,-0.8281 
2.1519999999999992,-0.8284 
2.1519999999999992,-0.8286 
2.1519999999999992,-0.8288 
2.1519999999999992,-0.8291 
2.1519999999999992,-0.8294 
2.1519999999999992,-0.8297 
2.1519999999999992,-0.8298 
2.1519999999999992,-0.8301 
2.1519999999999992,-0.8304 
2.162000000000001,-0.8306 
2.162000000000001,-0.8309 
2.162000000000001,-0.8311 
2.162000000000001,-0.8315 
2.162000000000001,-0.8317 
2.162000000000001,-0.8319 
2.162000000000001,-0.8322 
2.162000000000001,-0.8324 
2.162000000000001,-0.8327 
2.162000000000001,-0.8329 
2.1720000000000006,-0.8332 
2.1720000000000006,-0.8334 
2.1720000000000006,-0.8337 
2.1720000000000006,-0.8339 
2.1720000000000006,-0.8342 
2.1720000000000006,-0.8344 
2.1720000000000006,-0.8347 
2.1720000000000006,-0.835 
2.1720000000000006,-0.8352 
2.1720000000000006,-0.8354 
2.1820000000000004,-0.8357 
2.1820000000000004,-0.836 
2.1820000000000004,-0.8362 
2.1820000000000004,-0.8365 
2.1820000000000004,-0.8368 
2.1820000000000004,-0.837 
2.1820000000000004,-0.8372 
2.1820000000000004,-0.8375 
2.1820000000000004,-0.8377 
2.1820000000000004,-0.838 
2.192,-0.8382 
2.192,-0.8385 
2.192,-0.8388 
2.192,-0.839 
2.192,-0.8393 
2.192,-0.8395 
2.192,-0.8398 
2.192,-0.84 
2.192,-0.8403 
2.192,-0.8405 
2.202,-0.8408 
2.202,-0.8411 
2.202,-0.8413 
2.202,-0.8416 
2.202,-0.8418 
2.202,-0.8421 
2.202,-0.8423 
2.202,-0.8426 
2.202,-0.8428 
2.202,-0.8431 
2.2119999999999997,-0.8433 
2.2119999999999997,-0.8436 
2.2119999999999997,-0.8439 
2.2119999999999997,-0.8441 
2.2119999999999997,-0.8443 
2.2119999999999997,-0.8446 
2.2119999999999997,-0.8449 
2.2119999999999997,-0.8451 
2.2119999999999997,-0.8453 
2.2119999999999997,-0.8456 
2.2219999999999995,-0.8458 
2.2219999999999995,-0.8461 
2.2219999999999995,-0.8464 
2.2219999999999995,-0.8466 
2.2219999999999995,-0.8469 
2.2219999999999995,-0.8471 
2.2219999999999995,-0.8474 
2.2219999999999995,-0.8476 
2.2219999999999995,-0.8478 
2.2219999999999995,-0.8482 
2.2319999999999993,-0.8484 
2.2319999999999993,-0.8487 
2.2319999999999993,-0.8489 
2.2319999999999993,-0.8491 
2.2319999999999993,-0.8494 
2.2319999999999993,-0.8496 
2.2319999999999993,-0.8499 
2.2319999999999993,-0.8502 
2.2319999999999993,-0.8504 
2.2319999999999993,-0.8507 
2.242000000000001,-0.8509 
2.242000000000001,-0.8512 
2.242000000000001,-0.8514 
2.242000000000001,-0.8517 
2.242000000000001,-0.8519 
2.242000000000001,-0.8522 
2.242000000000001,-0.8524 
2.242000000000001,-0.8527 
2.242000000000001,-0.8529 
2.242000000000001,-0.8532 
2.2520000000000007,-0.8535 
2.2520000000000007,-0.8537 
2.2520000000000007,-0.8539 
2.2520000000000007,-0.8542 
2.2520000000000007,-0.8544 
2.2520000000000007,-0.8546 
2.2520000000000007,-0.8549 
2.2520000000000007,-0.8552 
2.2520000000000007,-0.8554 
2.2520000000000007,-0.8557 
2.2620000000000005,-0.8559 
2.2620000000000005,-0.8562 
2.2620000000000005,-0.8565 
2.2620000000000005,-0.8567 
2.2620000000000005,-0.857 
2.2620000000000005,-0.8572 
2.2620000000000005,-0.8574 
2.2620000000000005,-0.8577 
2.2620000000000005,-0.8579 
2.2620000000000005,-0.8582 
2.2720000000000002,-0.8585 
2.2720000000000002,-0.8587 
2.2720000000000002,-0.859 
2.2720000000000002,-0.8592 
2.2720000000000002,-0.8594 
2.2720000000000002,-0.8597 
2.2720000000000002,-0.86 
2.2720000000000002,-0.8602 
2.2720000000000002,-0.8605 
2.2720000000000002,-0.8607 
2.282,-0.861 
2.282,-0.8612 
2.282,-0.8615 
2.282,-0.8618 
2.282,-0.862 
2.282,-0.8623 
2.282,-0.8625 
2.282,-0.8627 
2.282,-0.863 
2.282,-0.8632 
2.292,-0.8635 
2.292,-0.8637 
2.292,-0.864 
2.292,-0.8642 
2.292,-0.8645 
2.292,-0.8647 
2.292,-0.865 
2.292,-0.8652 
2.292,-0.8655 
2.292,-0.8657 
2.3019999999999996,-0.866 
2.3019999999999996,-0.8662 
2.3019999999999996,-0.8665 
2.3019999999999996,-0.8667 
2.3019999999999996,-0.867 
2.3019999999999996,-0.8672 
2.3019999999999996,-0.8675 
2.3019999999999996,-0.8677 
2.3019999999999996,-0.868 
2.3019999999999996,-0.8682 
2.3119999999999994,-0.8684 
2.3119999999999994,-0.8687 
2.3119999999999994,-0.8689 
2.3119999999999994,-0.8692 
2.3119999999999994,-0.8695 
2.3119999999999994,-0.8697 
2.3119999999999994,-0.87 
2.3119999999999994,-0.8702 
2.3119999999999994,-0.8704 
2.3119999999999994,-0.8707 
2.322000000000001,-0.8709 
2.322000000000001,-0.8712 
2.322000000000001,-0.8714 
2.322000000000001,-0.8717 
2.322000000000001,-0.8719 
2.322000000000001,-0.8722 
2.322000000000001,-0.8724 
2.322000000000001,-0.8727 
2.322000000000001,-0.8729 
2.322000000000001,-0.8732 
2.3320000000000007,-0.8734 
2.3320000000000007,-0.8737 
2.3320000000000007,-0.8739 
2.3320000000000007,-0.8742 
2.3320000000000007,-0.8744 
2.3320000000000007,-0.8746 
2.3320000000000007,-0.8749 
2.3320000000000007,-0.8752 
2.3320000000000007,-0.8754 
2.3320000000000007,-0.8757 
2.3420000000000005,-0.8759 
2.3420000000000005,-0.8761 
2.3420000000000005,-0.8764 
2.3420000000000005,-0.8767 
2.3420000000000005,-0.877 
2.3420000000000005,-0.8772 
2.3420000000000005,-0.8774 
2.3420000000000005,-0.8777 
2.3420000000000005,-0.8779 
2.3420000000000005,-0.8782 
2.3520000000000003,-0.8784 
2.3520000000000003,-0.8787 
2.3520000000000003,-0.8789 
2.3520000000000003,-0.8792 
2.3520000000000003,-0.8794 
2.3520000000000003,-0.8797 
2.3520000000000003,-0.8799 
2.3520000000000003,-0.8802 
2.3520000000000003,-0.8804 
2.3520000000000003,-0.8807 
2.362,-0.8809 
2.362,-0.8812 
2.362,-0.8814 
2.362,-0.8817 
2.362,-0.8819 
2.362,-0.8821 
2.362,-0.8824 
2.362,-0.8826 
2.362,-0.8829 
2.362,-0.8831 
2.372,-0.8834 
2.372,-0.8837 
2.372,-0.8839 
2.372,-0.8841 
2.372,-0.8844 
2.372,-0.8847 
2.372,-0.8849 
2.372,-0.8851 
2.372,-0.8854 
2.372,-0.8856 
2.3819999999999997,-0.8859 
2.3819999999999997,-0.8861 
2.3819999999999997,-0.8864 
2.3819999999999997,-0.8866 
2.3819999999999997,-0.8869 
2.3819999999999997,-0.8871 
2.3819999999999997,-0.8873 
2.3819999999999997,-0.8876 
2.3819999999999997,-0.8878 
2.3819999999999997,-0.8881 
2.3919999999999995,-0.8883 
2.3919999999999995,-0.8886 
2.3919999999999995,-0.8888 
2.3919999999999995,-0.8891 
2.3919999999999995,-0.8893 
2.3919999999999995,-0.8896 
2.3919999999999995,-0.8898 
2.3919999999999995,-0.8901 
2.3919999999999995,-0.8903 
2.3919999999999995,-0.8906 
2.4019999999999992,-0.8908 
2.4019999999999992,-0.8911 
2.4019999999999992,-0.8913 
2.4019999999999992,-0.8916 
2.4019999999999992,-0.8918 
2.4019999999999992,-0.8921 
2.4019999999999992,-0.8923 
2.4019999999999992,-0.8925 
2.4019999999999992,-0.8928 
2.4019999999999992,-0.893 
2.412000000000001,-0.8933 
2.412000000000001,-0.8935 
2.412000000000001,-0.8937 
2.412000000000001,-0.894 
2.412000000000001,-0.8943 
2.412000000000001,-0.8945 
2.412000000000001,-0.8948 
2.412000000000001,-0.895 
2.412000000000001,-0.8952 
2.412000000000001,-0.8955 
2.4220000000000006,-0.8957 
2.4220000000000006,-0.896 
2.4220000000000006,-0.8963 
2.4220000000000006,-0.8965 
2.4220000000000006,-0.8968 
2.4220000000000006,-0.897 
2.4220000000000006,-0.8972 
2.4220000000000006,-0.8975 
2.4220000000000006,-0.8977 
2.4220000000000006,-0.898 
2.4320000000000004,-0.8982 
2.4320000000000004,-0.8985 
2.4320000000000004,-0.8987 
2.4320000000000004,-0.899 
2.4320000000000004,-0.8992 
2.4320000000000004,-0.8994 
2.4320000000000004,-0.8997 
2.4320000000000004,-0.9 
2.4320000000000004,-0.9002 
2.4320000000000004,-0.9004 
2.442,-0.9007 
2.442,-0.9009 
2.442,-0.9012 
2.442,-0.9015 
2.442,-0.9017 
2.442,-0.9019 
2.442,-0.9022 
2.442,-0.9024 
2.442,-0.9026 
2.442,-0.9029 
2.452,-0.9032 
2.452,-0.9034 
2.452,-0.9037 
2.452,-0.9039 
2.452,-0.9041 
2.452,-0.9044 
2.452,-0.9046 
2.452,-0.9049 
2.452,-0.9051 
2.452,-0.9053 
2.4619999999999997,-0.9056 
2.4619999999999997,-0.9058 
2.4619999999999997,-0.9061 
2.4619999999999997,-0.9064 
2.4619999999999997,-0.9066 
2.4619999999999997,-0.9068 
2.4619999999999997,-0.9071 
2.4619999999999997,-0.9073 
2.4619999999999997,-0.9075 
2.4619999999999997,-0.9078 
2.4719999999999995,-0.908 
2.4719999999999995,-0.9083 
2.4719999999999995,-0.9085 
2.4719999999999995,-0.9088 
2.4719999999999995,-0.909 
2.4719999999999995,-0.9092 
2.4719999999999995,-0.9095 
2.4719999999999995,-0.9097 
2.4719999999999995,-0.91 
2.4719999999999995,-0.9102 
2.4819999999999993,-0.9105 
2.4819999999999993,-0.9107 
2.4819999999999993,-0.911 
2.4819999999999993,-0.9112 
2.4819999999999993,-0.9115 
2.4819999999999993,-0.9117 
2.4819999999999993,-0.9119 
2.4819999999999993,-0.9122 
2.4819999999999993,-0.9124 
2.4819999999999993,-0.9126 
2.492000000000001,-0.9129 
2.492000000000001,-0.9132 
2.492000000000001,-0.9134 
2.492000000000001,-0.9136 
2.492000000000001,-0.9139 
2.492000000000001,-0.9141 
2.492000000000001,-0.9144 
2.492000000000001,-0.9146 
2.492000000000001,-0.9149 
2.492000000000001,-0.9151 
2.5020000000000007,-0.9153 
2.5020000000000007,-0.9156 
2.5020000000000007,-0.9158 
2.5020000000000007,-0.9161 
2.5020000000000007,-0.9164 
2.5020000000000007,-0.9166 
2.5020000000000007,-0.9168 
2.5020000000000007,-0.9171 
2.5020000000000007,-0.9173 
2.5020000000000007,-0.9176 
2.5120000000000005,-0.9178 
2.5120000000000005,-0.9181 
2.5120000000000005,-0.9183 
2.5120000000000005,-0.9186 
2.5120000000000005,-0.9188 
2.5120000000000005,-0.919 
2.5120000000000005,-0.9193 
2.5120000000000005,-0.9195 
2.5120000000000005,-0.9198 
2.5120000000000005,-0.92 
2.5220000000000002,-0.9202 
2.5220000000000002,-0.9205 
2.5220000000000002,-0.9208 
2.5220000000000002,-0.921 
2.5220000000000002,-0.9212 
2.5220000000000002,-0.9215 
2.5220000000000002,-0.9217 
2.5220000000000002,-0.922 
2.5220000000000002,-0.9222 
2.5220000000000002,-0.9224 
2.532,-0.9227 
2.532,-0.9229 
2.532,-0.9232 
2.532,-0.9234 
2.532,-0.9236 
2.532,-0.9239 
2.532,-0.9241 
2.532,-0.9244 
2.532,-0.9246 
2.532,-0.9249 
2.542,-0.9251 
2.542,-0.9253 
2.542,-0.9256 
2.542,-0.9258 
2.542,-0.9261 
2.542,-0.9263 
2.542,-0.9266 
2.542,-0.9268 
2.542,-0.9271 
2.542,-0.9273 
2.5519999999999996,-0.9275 
2.5519999999999996,-0.9278 
2.5519999999999996,-0.928 
2.5519999999999996,-0.9283 
2.5519999999999996,-0.9285 
2.5519999999999996,-0.9288 
2.5519999999999996,-0.929 
2.5519999999999996,-0.9292 
2.5519999999999996,-0.9295 
2.5519999999999996,-0.9297 
2.5619999999999994,-0.93 
2.5619999999999994,-0.9302 
2.5619999999999994,-0.9305 
2.5619999999999994,-0.9307 
2.5619999999999994,-0.931 
2.5619999999999994,-0.9312 
2.5619999999999994,-0.9314 
2.5619999999999994,-0.9317 
2.5619999999999994,-0.9319 
2.5619999999999994,-0.9321 
2.572000000000001,-0.9324 
2.572000000000001,-0.9326 
2.572000000000001,-0.9329 
2.572000000000001,-0.9331 
2.572000000000001,-0.9333 
2.572000000000001,-0.9336 
2.572000000000001,-0.9338 
2.572000000000001,-0.9341 
2.572000000000001,-0.9343 
2.5820000000000007,-0.9346 
2.5820000000000007,-0.9348 
2.5820000000000007,-0.935 
2.5820000000000007,-0.9354 
2.5820000000000007,-0.9355 
2.5820000000000007,-0.9358 
2.5820000000000007,-0.936 
2.5820000000000007,-0.9363 
2.5820000000000007,-0.9365 
2.5820000000000007,-0.9368 
2.5920000000000005,-0.937 
2.5920000000000005,-0.9373 
2.5920000000000005,-0.9375 
2.5920000000000005,-0.9377 
2.5920000000000005,-0.9379 
2.5920000000000005,-0.9382 
2.5920000000000005,-0.9384 
2.5920000000000005,-0.9387 
2.5920000000000005,-0.9389 
2.5920000000000005,-0.9392 
2.6020000000000003,-0.9394 
2.6020000000000003,-0.9396 
2.6020000000000003,-0.9399 
2.6020000000000003,-0.9401 
2.6020000000000003,-0.9404 
2.6020000000000003,-0.9406 
2.6020000000000003,-0.9409 
2.6020000000000003,-0.9411 
2.6020000000000003,-0.9413 
2.6020000000000003,-0.9416 
2.612,-0.9418 
2.612,-0.9421 
2.612,-0.9423 
2.612,-0.9426 
2.612,-0.9428 
2.612,-0.943 
2.612,-0.9433 
2.612,-0.9435 
2.612,-0.9437 
2.612,-0.944 
2.622,-0.9442 
2.622,-0.9445 
2.622,-0.9447 
2.622,-0.945 
2.622,-0.9452 
2.622,-0.9455 
2.622,-0.9457 
2.622,-0.9459 
2.622,-0.9461 
2.622,-0.9463 
2.6319999999999997,-0.9466 
2.6319999999999997,-0.9468 
2.6319999999999997,-0.9471 
2.6319999999999997,-0.9473 
2.6319999999999997,-0.9476 
2.6319999999999997,-0.9478 
2.6319999999999997,-0.9481 
2.6319999999999997,-0.9483 
2.6319999999999997,-0.9485 
2.6319999999999997,-0.9488 
2.6419999999999995,-0.949 
2.6419999999999995,-0.9493 
2.6419999999999995,-0.9495 
2.6419999999999995,-0.9497 
2.6419999999999995,-0.95 
2.6419999999999995,-0.9502 
2.6419999999999995,-0.9505 
2.6419999999999995,-0.9507 
2.6419999999999995,-0.9509 
2.6419999999999995,-0.9512 
2.6519999999999992,-0.9514 
2.6519999999999992,-0.9516 
2.6519999999999992,-0.9519 
2.6519999999999992,-0.9521 
2.6519999999999992,-0.9523 
2.6519999999999992,-0.9526 
2.6519999999999992,-0.9528 
2.6519999999999992,-0.953 
2.6519999999999992,-0.9533 
2.6519999999999992,-0.9535 
2.662000000000001,-0.9538 
2.662000000000001,-0.954 
2.662000000000001,-0.9543 
2.662000000000001,-0.9545 
2.662000000000001,-0.9547 
2.662000000000001,-0.955 
2.662000000000001,-0.9552 
2.662000000000001,-0.9555 
2.662000000000001,-0.9557 
2.662000000000001,-0.9559 
2.6720000000000006,-0.9562 
2.6720000000000006,-0.9564 
2.6720000000000006,-0.9567 
2.6720000000000006,-0.9569 
2.6720000000000006,-0.9571 
2.6720000000000006,-0.9574 
2.6720000000000006,-0.9576 
2.6720000000000006,-0.9579 
2.6720000000000006,-0.9581 
2.6720000000000006,-0.9584 
2.6820000000000004,-0.9586 
2.6820000000000004,-0.9588 
2.6820000000000004,-0.959 
2.6820000000000004,-0.9593 
2.6820000000000004,-0.9596 
2.6820000000000004,-0.9598 
2.6820000000000004,-0.96 
2.6820000000000004,-0.9603 
2.6820000000000004,-0.9605 
2.6820000000000004,-0.9607 
2.692,-0.9609 
2.692,-0.9612 
2.692,-0.9614 
2.692,-0.9617 
2.692,-0.9619 
2.692,-0.9621 
2.692,-0.9624 
2.692,-0.9626 
2.692,-0.9629 
2.692,-0.9631 
2.702,-0.9633 
2.702,-0.9635 
2.702,-0.9638 
2.702,-0.964 
2.702,-0.9643 
2.702,-0.9646 
2.702,-0.9647 
2.702,-0.965 
2.702,-0.9652 
2.702,-0.9655 
2.7119999999999997,-0.9657 
2.7119999999999997,-0.966 
2.7119999999999997,-0.9662 
2.7119999999999997,-0.9664 
2.7119999999999997,-0.9666 
2.7119999999999997,-0.9669 
2.7119999999999997,-0.9671 
2.7119999999999997,-0.9674 
2.7119999999999997,-0.9676 
2.7119999999999997,-0.9679 
2.7219999999999995,-0.9681 
2.7219999999999995,-0.9683 
2.7219999999999995,-0.9685 
2.7219999999999995,-0.9688 
2.7219999999999995,-0.9691 
2.7219999999999995,-0.9693 
2.7219999999999995,-0.9695 
2.7219999999999995,-0.9697 
2.7219999999999995,-0.97 
2.7219999999999995,-0.9702 
2.7319999999999993,-0.9704 
2.7319999999999993,-0.9707 
2.7319999999999993,-0.9709 
2.7319999999999993,-0.9711 
2.7319999999999993,-0.9714 
2.7319999999999993,-0.9716 
2.7319999999999993,-0.9718 
2.7319999999999993,-0.9721 
2.7319999999999993,-0.9723 
2.7319999999999993,-0.9725 
2.742000000000001,-0.9728 
2.742000000000001,-0.973 
2.742000000000001,-0.9733 
2.742000000000001,-0.9735 
2.742000000000001,-0.9738 
2.742000000000001,-0.974 
2.742000000000001,-0.9742 
2.742000000000001,-0.9745 
2.742000000000001,-0.9747 
2.742000000000001,-0.9749 
2.7520000000000007,-0.9751 
2.7520000000000007,-0.9754 
2.7520000000000007,-0.9756 
2.7520000000000007,-0.9759 
2.7520000000000007,-0.9761 
2.7520000000000007,-0.9763 
2.7520000000000007,-0.9766 
2.7520000000000007,-0.9768 
2.7520000000000007,-0.977 
2.7520000000000007,-0.9773 
2.7620000000000005,-0.9775 
2.7620000000000005,-0.9777 
2.7620000000000005,-0.978 
2.7620000000000005,-0.9782 
2.7620000000000005,-0.9785 
2.7620000000000005,-0.9787 
2.7620000000000005,-0.979 
2.7620000000000005,-0.9792 
2.7620000000000005,-0.9794 
2.7620000000000005,-0.9796 
2.7720000000000002,-0.9798 
2.7720000000000002,-0.9801 
2.7720000000000002,-0.9803 
2.7720000000000002,-0.9806 
2.7720000000000002,-0.9808 
2.7720000000000002,-0.981 
2.7720000000000002,-0.9813 
2.7720000000000002,-0.9815 
2.7720000000000002,-0.9818 
2.7720000000000002,-0.982 
2.782,-0.9822 
2.782,-0.9824 
2.782,-0.9827 
2.782,-0.9829 
2.782,-0.9831 
2.782,-0.9834 
2.782,-0.9836 
2.782,-0.9839 
2.782,-0.9841 
2.782,-0.9843 
2.792,-0.9846 
2.792,-0.9848 
2.792,-0.985 
2.792,-0.9852 
2.792,-0.9855 
2.792,-0.9857 
2.792,-0.9859 
2.792,-0.9862 
2.792,-0.9864 
2.792,-0.9866 
2.8019999999999996,-0.9869 
2.8019999999999996,-0.9871 
2.8019999999999996,-0.9873 
2.8019999999999996,-0.9876 
2.8019999999999996,-0.9878 
2.8019999999999996,-0.988 
2.8019999999999996,-0.9883 
2.8019999999999996,-0.9885 
2.8019999999999996,-0.9887 
2.8019999999999996,-0.989 
2.8119999999999994,-0.9892 
2.8119999999999994,-0.9894 
2.8119999999999994,-0.9896 
2.8119999999999994,-0.9899 
2.8119999999999994,-0.9901 
2.8119999999999994,-0.9903 
2.8119999999999994,-0.9906 
2.8119999999999994,-0.9908 
2.8119999999999994,-0.9911 
2.8119999999999994,-0.9913 
2.822000000000001,-0.9915 
2.822000000000001,-0.9917 
2.822000000000001,-0.992 
2.822000000000001,-0.9922 
2.822000000000001,-0.9925 
2.822000000000001,-0.9927 
2.822000000000001,-0.9929 
2.822000000000001,-0.9932 
2.822000000000001,-0.9934 
2.822000000000001,-0.9936 
2.8320000000000007,-0.9938 
2.8320000000000007,-0.9941 
2.8320000000000007,-0.9943 
2.8320000000000007,-0.9945 
2.8320000000000007,-0.9948 
2.8320000000000007,-0.995 
2.8320000000000007,-0.9952 
2.8320000000000007,-0.9955 
2.8320000000000007,-0.9957 
2.8320000000000007,-0.9959 
2.8420000000000005,-0.9962 
2.8420000000000005,-0.9964 
2.8420000000000005,-0.9966 
2.8420000000000005,-0.9969 
2.8420000000000005,-0.9971 
2.8420000000000005,-0.9973 
2.8420000000000005,-0.9976 
2.8420000000000005,-0.9978 
2.8420000000000005,-0.998 
2.8420000000000005,-0.9982 
2.8520000000000003,-0.9985 
2.8520000000000003,-0.9988 
2.8520000000000003,-0.9989 
2.8520000000000003,-0.9992 
2.8520000000000003,-0.9994 
2.8520000000000003,-0.9996 
2.8520000000000003,-0.9999 
