cp60.txt
0.0,-0.1654 
0.001000000000000334,-0.1653 
0.002000000000000668,-0.1656 
0.0030000000000001137,-0.1661 
0.004000000000000448,-0.1667 
0.004999999999999893,-0.1676 
0.006000000000000227,-0.1685 
0.007000000000000561,-0.1693 
0.008000000000000007,-0.1699 
0.009000000000000341,-0.1704 
0.010000000000000675,-0.1708 
0.01100000000000012,-0.1712 
0.012000000000000455,-0.1716 
0.0129999999999999,-0.1721 
0.014000000000000234,-0.1725 
0.015000000000000568,-0.173 
0.016000000000000014,-0.1734 
0.017000000000000348,-0.1738 
0.018000000000000682,-0.1743 
0.019000000000000128,-0.1748 
0.020000000000000462,-0.1753 
0.020999999999999908,-0.1758 
0.02200000000000024,-0.1764 
0.023000000000000576,-0.1769 
0.02400000000000002,-0.1775 
0.025000000000000355,-0.1781 
0.02600000000000069,-0.1786 
0.027000000000000135,-0.1792 
0.02800000000000047,-0.1798 
0.028999999999999915,-0.1804 
0.03000000000000025,-0.1809 
0.031000000000000583,-0.1815 
0.03200000000000003,-0.1821 
0.03300000000000036,-0.1826 
0.034000000000000696,-0.1832 
0.03500000000000014,-0.1837 
0.036000000000000476,-0.1842 
0.03699999999999992,-0.1847 
0.038000000000000256,-0.1852 
0.03900000000000059,-0.1857 
0.040000000000000036,-0.1862 
0.04100000000000037,-0.1868 
0.0420000000000007,-0.1872 
0.04300000000000015,-0.1878 
0.04400000000000048,-0.1882 
0.04499999999999993,-0.1887 
0.04600000000000026,-0.1892 
0.0470000000000006,-0.1896 
0.04800000000000004,-0.1901 
0.04900000000000038,-0.1904 
0.04999999999999982,-0.1908 
0.051000000000000156,-0.1911 
0.05200000000000049,-0.1914 
0.052999999999999936,-0.1917 
0.05400000000000027,-0.192 
0.055000000000000604,-0.1923 
0.05600000000000005,-0.1926 
0.057000000000000384,-0.1929 
0.05799999999999983,-0.1932 
0.05900000000000016,-0.1936 
0.0600000000000005,-0.1939 
0.06099999999999994,-0.1943 
0.06200000000000028,-0.1947 
0.06300000000000061,-0.1951 
0.06400000000000006,-0.1955 
0.06500000000000039,-0.1959 
0.06599999999999984,-0.1963 
0.06700000000000017,-0.1968 
0.0680000000000005,-0.1971 
0.06899999999999995,-0.1976 
0.07000000000000028,-0.1981 
0.07100000000000062,-0.1985 
0.07200000000000006,-0.199 
0.0730000000000004,-0.1994 
0.07399999999999984,-0.1999 
0.07500000000000018,-0.2003 
0.07600000000000051,-0.2008 
0.07699999999999996,-0.2012 
0.07800000000000029,-0.2017 
0.07900000000000063,-0.2021 
0.08000000000000007,-0.2026 
0.0810000000000004,-0.2031 
0.08199999999999985,-0.2035 
0.08300000000000018,-0.204 
0.08400000000000052,-0.2045 
0.08499999999999996,-0.2049 
0.0860000000000003,-0.2054 
0.08700000000000063,-0.2059 
0.08800000000000008,-0.2064 
0.08900000000000041,-0.2068 
0.08999999999999986,-0.2073 
0.09100000000000019,-0.2077 
0.09200000000000053,-0.2082 
0.09299999999999997,-0.2087 
0.0940000000000003,-0.2092 
0.09500000000000064,-0.2097 
0.09600000000000009,-0.2101 
0.09700000000000042,-0.2106 
0.09799999999999986,-0.211 
0.0990000000000002,-0.2115 
0.10000000000000053,-0.212 
0.10099999999999998,-0.2125 
0.10200000000000031,-0.213 
0.10300000000000065,-0.2134 
0.10400000000000009,-0.2139 
0.10500000000000043,-0.2144 
0.10599999999999987,-0.2149 
0.1070000000000002,-0.2154 
0.10800000000000054,-0.2158 
0.10899999999999999,-0.2163 
0.11000000000000032,-0.2167 
0.11100000000000065,-0.2172 
0.1120000000000001,-0.2177 
0.11300000000000043,-0.2181 
0.11399999999999988,-0.2186 
0.11500000000000021,-0.2191 
0.11600000000000055,-0.2196 
0.11699999999999999,-0.2201 
0.11800000000000033,-0.2205 
0.11900000000000066,-0.221 
0.1200000000000001,-0.2215 
0.12100000000000044,-0.222 
0.12199999999999989,-0.2224 
0.12300000000000022,-0.2229 
0.12400000000000055,-0.2234 
0.125,-0.2239 
0.12600000000000033,-0.2244 
0.12700000000000067,-0.2248 
0.1280000000000001,-0.2253 
0.12900000000000045,-0.2257 
0.1299999999999999,-0.2262 
0.13100000000000023,-0.2267 
0.13200000000000056,-0.2271 
0.133,-0.2276 
0.13400000000000034,-0.2281 
0.13500000000000068,-0.2286 
0.13600000000000012,-0.2291 
0.13700000000000045,-0.2295 
0.1379999999999999,-0.23 
0.13900000000000023,-0.2305 
0.14000000000000057,-0.231 
0.14100000000000001,-0.2314 
0.14200000000000035,-0.2319 
0.14300000000000068,-0.2324 
0.14400000000000013,-0.2328 
0.14500000000000046,-0.2333 
0.1459999999999999,-0.2338 
0.14700000000000024,-0.2343 
0.14800000000000058,-0.2347 
0.14900000000000002,-0.2352 
0.15000000000000036,-0.2357 
0.1510000000000007,-0.2361 
0.15200000000000014,-0.2366 
0.15300000000000047,-0.237 
0.15399999999999991,-0.2375 
0.15500000000000025,-0.238 
0.15600000000000058,-0.2385 
0.15700000000000003,-0.2389 
0.15800000000000036,-0.2394 
0.1590000000000007,-0.2399 
0.16000000000000014,-0.2404 
0.16100000000000048,-0.2408 
0.16199999999999992,-0.2413 
0.16300000000000026,-0.2417 
0.1640000000000006,-0.2422 
0.16500000000000004,-0.2426 
0.16600000000000037,-0.2431 
0.1670000000000007,-0.2436 
0.16800000000000015,-0.2441 
0.16900000000000048,-0.2445 
0.16999999999999993,-0.245 
0.17100000000000026,-0.2454 
0.1720000000000006,-0.2459 
0.17300000000000004,-0.2464 
0.17400000000000038,-0.2468 
0.17499999999999982,-0.2473 
0.17600000000000016,-0.2478 
0.1770000000000005,-0.2482 
0.17799999999999994,-0.2487 
0.17900000000000027,-0.2492 
0.1800000000000006,-0.2497 
0.18100000000000005,-0.2501 
0.18200000000000038,-0.2506 
0.18299999999999983,-0.2511 
0.18400000000000016,-0.2515 
0.1850000000000005,-0.252 
0.18599999999999994,-0.2525 
0.18700000000000028,-0.253 
0.1880000000000006,-0.2534 
0.18900000000000006,-0.2539 
0.1900000000000004,-0.2543 
0.19099999999999984,-0.2548 
0.19200000000000017,-0.2552 
0.1930000000000005,-0.2557 
0.19399999999999995,-0.2562 
0.19500000000000028,-0.2566 
0.19600000000000062,-0.2571 
0.19700000000000006,-0.2575 
0.1980000000000004,-0.258 
0.19899999999999984,-0.2585 
0.20000000000000018,-0.259 
0.2010000000000005,-0.2594 
0.20199999999999996,-0.2599 
0.2030000000000003,-0.2603 
0.20400000000000063,-0.2608 
0.20500000000000007,-0.2612 
0.2060000000000004,-0.2617 
0.20699999999999985,-0.2622 
0.20800000000000018,-0.2627 
0.20900000000000052,-0.2631 
0.20999999999999996,-0.2636 
0.2110000000000003,-0.264 
0.21200000000000063,-0.2645 
0.21300000000000008,-0.265 
0.2140000000000004,-0.2654 
0.21499999999999986,-0.2659 
0.2160000000000002,-0.2663 
0.21700000000000053,-0.2668 
0.21799999999999997,-0.2672 
0.2190000000000003,-0.2677 
0.22000000000000064,-0.2682 
0.22100000000000009,-0.2686 
0.22200000000000042,-0.2691 
0.22299999999999986,-0.2695 
0.2240000000000002,-0.27 
0.22500000000000053,-0.2705 
0.22599999999999998,-0.2709 
0.2270000000000003,-0.2714 
0.22800000000000065,-0.2719 
0.2290000000000001,-0.2723 
0.23000000000000043,-0.2728 
0.23099999999999987,-0.2733 
0.2320000000000002,-0.2737 
0.23300000000000054,-0.2742 
0.23399999999999999,-0.2747 
0.23500000000000032,-0.275 
0.23600000000000065,-0.2756 
0.2370000000000001,-0.276 
0.23800000000000043,-0.2764 
0.23899999999999988,-0.2769 
0.2400000000000002,-0.2774 
0.24100000000000055,-0.2778 
0.242,-0.2783 
0.24300000000000033,-0.2787 
0.24400000000000066,-0.2792 
0.2450000000000001,-0.2797 
0.24600000000000044,-0.2801 
0.2469999999999999,-0.2805 
0.24800000000000022,-0.281 
0.24900000000000055,-0.2814 
0.25,-0.2819 
0.25100000000000033,-0.2823 
0.25200000000000067,-0.2828 
0.2530000000000001,-0.2833 
0.25400000000000045,-0.2837 
0.2549999999999999,-0.2842 
0.2560000000000002,-0.2846 
0.25700000000000056,-0.2851 
0.258,-0.2855 
0.25900000000000034,-0.286 
0.2600000000000007,-0.2864 
0.2610000000000001,-0.2869 
0.26200000000000045,-0.2874 
0.2629999999999999,-0.2878 
0.26400000000000023,-0.2882 
0.26500000000000057,-0.2887 
0.266,-0.2891 
0.26700000000000035,-0.2896 
0.2680000000000007,-0.29 
0.26900000000000013,-0.2905 
0.27000000000000046,-0.291 
0.2709999999999999,-0.2914 
0.27200000000000024,-0.2919 
0.2730000000000006,-0.2923 
0.274,-0.2928 
0.27500000000000036,-0.2933 
0.2760000000000007,-0.2937 
0.27700000000000014,-0.2942 
0.27800000000000047,-0.2946 
0.2789999999999999,-0.295 
0.28000000000000025,-0.2955 
0.2810000000000006,-0.296 
0.28200000000000003,-0.2964 
0.28300000000000036,-0.2968 
0.2840000000000007,-0.2973 
0.28500000000000014,-0.2977 
0.2860000000000005,-0.2982 
0.2869999999999999,-0.2986 
0.28800000000000026,-0.2991 
0.2890000000000006,-0.2996 
0.29000000000000004,-0.3 
0.29100000000000037,-0.3004 
0.2920000000000007,-0.3009 
0.29300000000000015,-0.3014 
0.2940000000000005,-0.3018 
0.29499999999999993,-0.3023 
0.29600000000000026,-0.3027 
0.2970000000000006,-0.3031 
0.29800000000000004,-0.3036 
0.2990000000000004,-0.304 
0.2999999999999998,-0.3045 
0.30100000000000016,-0.3049 
0.3020000000000005,-0.3054 
0.30299999999999994,-0.3058 
0.30400000000000027,-0.3063 
0.3050000000000006,-0.3067 
0.30600000000000005,-0.3072 
0.3070000000000004,-0.3076 
0.30799999999999983,-0.3081 
0.30900000000000016,-0.3085 
0.3100000000000005,-0.309 
0.31099999999999994,-0.3094 
0.3120000000000003,-0.3098 
0.3130000000000006,-0.3103 
0.31400000000000006,-0.3108 
0.3150000000000004,-0.3112 
0.31599999999999984,-0.3117 
0.31700000000000017,-0.3121 
0.3180000000000005,-0.3126 
0.31899999999999995,-0.313 
0.3200000000000003,-0.3135 
0.3210000000000006,-0.3139 
0.32200000000000006,-0.3143 
0.3230000000000004,-0.3148 
0.32399999999999984,-0.3152 
0.3250000000000002,-0.3156 
0.3260000000000005,-0.3161 
0.32699999999999996,-0.3165 
0.3280000000000003,-0.317 
0.3290000000000006,-0.3174 
0.33000000000000007,-0.3179 
0.3310000000000004,-0.3183 
0.33199999999999985,-0.3188 
0.3330000000000002,-0.3192 
0.3340000000000005,-0.3196 
0.33499999999999996,-0.3201 
0.3360000000000003,-0.3205 
0.33700000000000063,-0.3209 
0.3380000000000001,-0.3214 
0.3390000000000004,-0.3218 
0.33999999999999986,-0.3223 
0.3410000000000002,-0.3227 
0.3420000000000005,-0.3232 
0.34299999999999997,-0.3236 
0.3440000000000003,-0.324 
0.34500000000000064,-0.3244 
0.3460000000000001,-0.3249 
0.3470000000000004,-0.3254 
0.34799999999999986,-0.3258 
0.3490000000000002,-0.3263 
0.35000000000000053,-0.3267 
0.351,-0.3271 
0.3520000000000003,-0.3276 
0.35300000000000065,-0.328 
0.3540000000000001,-0.3285 
0.3550000000000004,-0.3289 
0.35599999999999987,-0.3293 
0.3570000000000002,-0.3298 
0.35800000000000054,-0.3302 
0.359,-0.3307 
0.3600000000000003,-0.3311 
0.36100000000000065,-0.3316 
0.3620000000000001,-0.332 
0.36300000000000043,-0.3324 
0.3639999999999999,-0.3328 
0.3650000000000002,-0.3333 
0.36600000000000055,-0.3337 
0.367,-0.3341 
0.3680000000000003,-0.3346 
0.36900000000000066,-0.335 
0.3700000000000001,-0.3355 
0.37100000000000044,-0.3359 
0.3719999999999999,-0.3363 
0.3730000000000002,-0.3368 
0.37400000000000055,-0.3372 
0.375,-0.3377 
0.37600000000000033,-0.3381 
0.37700000000000067,-0.3386 
0.3780000000000001,-0.339 
0.37900000000000045,-0.3394 
0.3799999999999999,-0.3399 
0.3810000000000002,-0.3403 
0.38200000000000056,-0.3408 
0.383,-0.3411 
0.38400000000000034,-0.3416 
0.3850000000000007,-0.342 
0.3860000000000001,-0.3424 
0.38700000000000045,-0.3429 
0.3879999999999999,-0.3433 
0.38900000000000023,-0.3438 
0.39000000000000057,-0.3442 
0.391,-0.3446 
0.39200000000000035,-0.3451 
0.3930000000000007,-0.3455 
0.39400000000000013,-0.346 
0.39500000000000046,-0.3463 
0.3959999999999999,-0.3468 
0.39700000000000024,-0.3472 
0.3980000000000006,-0.3477 
0.399,-0.3481 
0.40000000000000036,-0.3486 
0.4010000000000007,-0.349 
0.40200000000000014,-0.3494 
0.40300000000000047,-0.3498 
0.4039999999999999,-0.3503 
0.40500000000000025,-0.3507 
0.4060000000000006,-0.3512 
0.40700000000000003,-0.3516 
0.40800000000000036,-0.352 
0.4090000000000007,-0.3524 
0.41000000000000014,-0.3529 
0.4110000000000005,-0.3533 
0.4119999999999999,-0.3537 
0.41300000000000026,-0.3542 
0.4140000000000006,-0.3546 
0.41500000000000004,-0.3551 
0.41600000000000037,-0.3554 
0.4170000000000007,-0.3559 
0.41800000000000015,-0.3563 
0.4190000000000005,-0.3568 
0.41999999999999993,-0.3572 
0.42100000000000026,-0.3576 
0.4220000000000006,-0.3581 
0.42300000000000004,-0.3585 
0.4240000000000004,-0.3589 
0.4249999999999998,-0.3593 
0.42600000000000016,-0.3597 
0.4270000000000005,-0.3602 
0.42799999999999994,-0.3606 
0.42900000000000027,-0.3611 
0.4300000000000006,-0.3615 
0.43100000000000005,-0.3619 
0.4320000000000004,-0.3623 
0.43299999999999983,-0.3627 
0.43400000000000016,-0.3632 
0.4350000000000005,-0.3636 
0.43599999999999994,-0.364 
0.4370000000000003,-0.3644 
0.4380000000000006,-0.3649 
0.43900000000000006,-0.3653 
0.4400000000000004,-0.3657 
0.44099999999999984,-0.3662 
0.44200000000000017,-0.3666 
0.4430000000000005,-0.367 
0.44399999999999995,-0.3674 
0.4450000000000003,-0.3679 
0.4460000000000006,-0.3683 
0.44700000000000006,-0.3687 
0.4480000000000004,-0.3692 
0.44899999999999984,-0.3696 
0.4500000000000002,-0.37 
0.4510000000000005,-0.3704 
0.45199999999999996,-0.3709 
0.4530000000000003,-0.3713 
0.4540000000000006,-0.3717 
0.45500000000000007,-0.3722 
0.4560000000000004,-0.3726 
0.45699999999999985,-0.373 
0.4580000000000002,-0.3734 
0.4590000000000005,-0.3738 
0.45999999999999996,-0.3743 
0.4610000000000003,-0.3747 
0.46200000000000063,-0.3751 
0.4630000000000001,-0.3756 
0.4640000000000004,-0.3759 
0.46499999999999986,-0.3764 
0.4660000000000002,-0.3768 
0.4670000000000005,-0.3773 
0.46799999999999997,-0.3777 
0.4690000000000003,-0.3781 
0.47000000000000064,-0.3785 
0.4710000000000001,-0.3789 
0.4720000000000004,-0.3794 
0.47299999999999986,-0.3798 
0.4740000000000002,-0.3802 
0.47500000000000053,-0.3806 
0.476,-0.3811 
0.4770000000000003,-0.3815 
0.47800000000000065,-0.3819 
0.4790000000000001,-0.3823 
0.4800000000000004,-0.3827 
0.48099999999999987,-0.3832 
0.4820000000000002,-0.3836 
0.48300000000000054,-0.384 
0.484,-0.3844 
0.4850000000000003,-0.3848 
0.48600000000000065,-0.3853 
0.4870000000000001,-0.3857 
0.48800000000000043,-0.3861 
0.4889999999999999,-0.3865 
0.4900000000000002,-0.387 
0.49100000000000055,-0.3874 
0.492,-0.3878 
0.4930000000000003,-0.3882 
0.49400000000000066,-0.3887 
0.4950000000000001,-0.3891 
0.49600000000000044,-0.3895 
0.4969999999999999,-0.3899 
0.4980000000000002,-0.3904 
0.49900000000000055,-0.3908 
0.5,-0.3912 
0.5010000000000003,-0.3916 
0.5020000000000007,-0.392 
0.5030000000000001,-0.3924 
0.5040000000000004,-0.3928 
0.5049999999999999,-0.3932 
0.5060000000000002,-0.3937 
0.5070000000000006,-0.3941 
0.508,-0.3945 
0.5090000000000003,-0.395 
0.5100000000000007,-0.3954 
0.5110000000000001,-0.3958 
0.5120000000000005,-0.3962 
0.5129999999999999,-0.3966 
0.5140000000000002,-0.3971 
0.5150000000000006,-0.3974 
0.516,-0.3979 
0.5170000000000003,-0.3983 
0.5180000000000007,-0.3987 
0.5190000000000001,-0.3991 
0.5200000000000005,-0.3995 
0.5209999999999999,-0.4 
0.5220000000000002,-0.4004 
0.5230000000000006,-0.4008 
0.524,-0.4012 
0.5250000000000004,-0.4016 
0.5260000000000007,-0.402 
0.5270000000000001,-0.4024 
0.5280000000000005,-0.4029 
0.5289999999999999,-0.4032 
0.5300000000000002,-0.4036 
0.5310000000000006,-0.4041 
0.532,-0.4045 
0.5330000000000004,-0.4049 
0.5340000000000007,-0.4053 
0.5350000000000001,-0.4058 
0.5360000000000005,-0.4061 
0.5369999999999999,-0.4066 
0.5380000000000003,-0.407 
0.5390000000000006,-0.4074 
0.54,-0.4079 
0.5410000000000004,-0.4082 
0.5420000000000007,-0.4087 
0.5430000000000001,-0.4091 
0.5440000000000005,-0.4094 
0.5449999999999999,-0.4099 
0.5460000000000003,-0.4103 
0.5470000000000006,-0.4107 
0.548,-0.4111 
0.5490000000000004,-0.4115 
0.5499999999999998,-0.412 
0.5510000000000002,-0.4124 
0.5520000000000005,-0.4128 
0.5529999999999999,-0.4132 
0.5540000000000003,-0.4136 
0.5550000000000006,-0.414 
0.556,-0.4144 
0.5570000000000004,-0.4148 
0.5579999999999998,-0.4153 
0.5590000000000002,-0.4157 
0.5600000000000005,-0.4161 
0.5609999999999999,-0.4165 
0.5620000000000003,-0.4169 
0.5630000000000006,-0.4173 
0.5640000000000001,-0.4177 
0.5650000000000004,-0.4182 
0.5659999999999998,-0.4186 
0.5670000000000002,-0.419 
0.5680000000000005,-0.4194 
0.569,-0.4198 
0.5700000000000003,-0.4202 
0.5710000000000006,-0.4206 
0.5720000000000001,-0.421 
0.5730000000000004,-0.4214 
0.5739999999999998,-0.4218 
0.5750000000000002,-0.4223 
0.5760000000000005,-0.4226 
0.577,-0.4231 
0.5780000000000003,-0.4235 
0.5790000000000006,-0.4239 
0.5800000000000001,-0.4243 
0.5810000000000004,-0.4247 
0.5819999999999999,-0.4251 
0.5830000000000002,-0.4255 
0.5840000000000005,-0.4259 
0.585,-0.4263 
0.5860000000000003,-0.4267 
0.5870000000000006,-0.4272 
0.5880000000000001,-0.4276 
0.5890000000000004,-0.428 
0.5899999999999999,-0.4284 
0.5910000000000002,-0.4288 
0.5920000000000005,-0.4292 
0.593,-0.4296 
0.5940000000000003,-0.43 
0.5950000000000006,-0.4304 
0.5960000000000001,-0.4308 
0.5970000000000004,-0.4313 
0.5979999999999999,-0.4317 
0.5990000000000002,-0.4321 
0.6000000000000005,-0.4324 
0.601,-0.4329 
0.6020000000000003,-0.4333 
0.6030000000000006,-0.4337 
0.6040000000000001,-0.4341 
0.6050000000000004,-0.4345 
0.6059999999999999,-0.4349 
0.6070000000000002,-0.4353 
0.6080000000000005,-0.4357 
0.609,-0.4361 
0.6100000000000003,-0.4365 
0.6110000000000007,-0.4369 
0.6120000000000001,-0.4373 
0.6130000000000004,-0.4377 
0.6139999999999999,-0.4381 
0.6150000000000002,-0.4385 
0.6160000000000005,-0.4389 
0.617,-0.4393 
0.6180000000000003,-0.4397 
0.6190000000000007,-0.4401 
0.6200000000000001,-0.4405 
0.6210000000000004,-0.441 
0.6219999999999999,-0.4414 
0.6230000000000002,-0.4418 
0.6240000000000006,-0.4421 
0.625,-0.4426 
0.6260000000000003,-0.443 
0.6270000000000007,-0.4434 
0.6280000000000001,-0.4437 
0.6290000000000004,-0.4442 
0.6299999999999999,-0.4445 
0.6310000000000002,-0.445 
0.6320000000000006,-0.4454 
0.633,-0.4458 
0.6340000000000003,-0.4462 
0.6350000000000007,-0.4466 
0.6360000000000001,-0.447 
0.6370000000000005,-0.4474 
0.6379999999999999,-0.4478 
0.6390000000000002,-0.4482 
0.6400000000000006,-0.4486 
0.641,-0.449 
0.6420000000000003,-0.4494 
0.6430000000000007,-0.4498 
0.6440000000000001,-0.4502 
0.6450000000000005,-0.4506 
0.6459999999999999,-0.451 
0.6470000000000002,-0.4514 
0.6480000000000006,-0.4518 
0.649,-0.4522 
0.6500000000000004,-0.4526 
0.6510000000000007,-0.453 
0.6520000000000001,-0.4534 
0.6530000000000005,-0.4538 
0.6539999999999999,-0.4542 
0.6550000000000002,-0.4546 
0.6560000000000006,-0.455 
0.657,-0.4554 
0.6580000000000004,-0.4558 
0.6590000000000007,-0.4562 
0.6600000000000001,-0.4566 
0.6610000000000005,-0.457 
0.6619999999999999,-0.4574 
0.6630000000000003,-0.4578 
0.6640000000000006,-0.4582 
0.665,-0.4586 
0.6660000000000004,-0.459 
0.6670000000000007,-0.4594 
0.6680000000000001,-0.4598 
0.6690000000000005,-0.4602 
0.6699999999999999,-0.4606 
0.6710000000000003,-0.461 
0.6720000000000006,-0.4614 
0.673,-0.4618 
0.6740000000000004,-0.4622 
0.6749999999999998,-0.4625 
0.6760000000000002,-0.4629 
0.6770000000000005,-0.4634 
0.6779999999999999,-0.4638 
0.6790000000000003,-0.4642 
0.6800000000000006,-0.4645 
0.681,-0.465 
0.6820000000000004,-0.4653 
0.6829999999999998,-0.4658 
0.6840000000000002,-0.4661 
0.6850000000000005,-0.4665 
0.6859999999999999,-0.467 
0.6870000000000003,-0.4673 
0.6880000000000006,-0.4678 
0.6890000000000001,-0.4681 
0.6900000000000004,-0.4685 
0.6909999999999998,-0.4689 
0.6920000000000002,-0.4693 
0.6930000000000005,-0.4697 
0.694,-0.4701 
0.6950000000000003,-0.4705 
0.6960000000000006,-0.4709 
0.6970000000000001,-0.4713 
0.6980000000000004,-0.4716 
0.6989999999999998,-0.4721 
0.7000000000000002,-0.4725 
0.7010000000000005,-0.4728 
0.702,-0.4732 
0.7030000000000003,-0.4736 
0.7040000000000006,-0.474 
0.7050000000000001,-0.4744 
0.7060000000000004,-0.4748 
0.7069999999999999,-0.4752 
0.7080000000000002,-0.4756 
0.7090000000000005,-0.476 
0.71,-0.4764 
0.7110000000000003,-0.4767 
0.7120000000000006,-0.4771 
0.7130000000000001,-0.4775 
0.7140000000000004,-0.4779 
0.7149999999999999,-0.4783 
0.7160000000000002,-0.4787 
0.7170000000000005,-0.4791 
0.718,-0.4795 
0.7190000000000003,-0.4799 
0.7200000000000006,-0.4803 
0.7210000000000001,-0.4807 
0.7220000000000004,-0.481 
0.7229999999999999,-0.4814 
0.7240000000000002,-0.4818 
0.7250000000000005,-0.4822 
0.726,-0.4826 
0.7270000000000003,-0.483 
0.7280000000000006,-0.4834 
0.7290000000000001,-0.4838 
0.7300000000000004,-0.4842 
0.7309999999999999,-0.4846 
0.7320000000000002,-0.485 
0.7330000000000005,-0.4854 
0.734,-0.4857 
0.7350000000000003,-0.4861 
0.7360000000000007,-0.4865 
0.7370000000000001,-0.4869 
0.7380000000000004,-0.4874 
0.7389999999999999,-0.4877 
0.7400000000000002,-0.4881 
0.7410000000000005,-0.4885 
0.742,-0.4888 
0.7430000000000003,-0.4892 
0.7440000000000007,-0.4896 
0.7450000000000001,-0.49 
0.7460000000000004,-0.4904 
0.7469999999999999,-0.4908 
0.7480000000000002,-0.4912 
0.7490000000000006,-0.4915 
0.75,-0.4919 
0.7510000000000003,-0.4923 
0.7520000000000007,-0.4928 
0.7530000000000001,-0.4931 
0.7540000000000004,-0.4935 
0.7549999999999999,-0.4939 
0.7560000000000002,-0.4943 
0.7570000000000006,-0.4947 
0.758,-0.4951 
0.7590000000000003,-0.4955 
0.7600000000000007,-0.4958 
0.7610000000000001,-0.4963 
0.7620000000000005,-0.4966 
0.7629999999999999,-0.497 
0.7640000000000002,-0.4974 
0.7650000000000006,-0.4978 
0.766,-0.4982 
0.7670000000000003,-0.4985 
0.7680000000000007,-0.4989 
0.7690000000000001,-0.4993 
0.7700000000000005,-0.4997 
0.7709999999999999,-0.5001 
0.7720000000000002,-0.5005 
0.7730000000000006,-0.5009 
0.774,-0.5012 
0.7750000000000004,-0.5016 
0.7760000000000007,-0.502 
0.7770000000000001,-0.5024 
0.7780000000000005,-0.5028 
0.7789999999999999,-0.5031 
0.7800000000000002,-0.5036 
0.7810000000000006,-0.5039 
0.782,-0.5043 
0.7830000000000004,-0.5047 
0.7840000000000007,-0.5051 
0.7850000000000001,-0.5055 
0.7860000000000005,-0.5058 
0.7869999999999999,-0.5063 
0.7880000000000003,-0.5066 
0.7890000000000006,-0.507 
0.79,-0.5074 
0.7910000000000004,-0.5078 
0.7920000000000007,-0.5082 
0.7930000000000001,-0.5085 
0.7940000000000005,-0.5089 
0.7949999999999999,-0.5093 
0.7960000000000003,-0.5097 
0.7969999999999997,-0.5101 
0.7980000000000009,-0.5105 
0.7990000000000004,-0.5109 
0.7999999999999998,-0.5112 
0.801000000000001,-0.5116 
0.8020000000000005,-0.512 
0.8029999999999999,-0.5124 
0.8039999999999994,-0.5128 
0.8050000000000006,-0.5131 
0.806,-0.5135 
0.8069999999999995,-0.5139 
0.8080000000000007,-0.5143 
0.8090000000000002,-0.5147 
0.8099999999999996,-0.515 
0.8110000000000008,-0.5154 
0.8120000000000003,-0.5157 
0.8129999999999997,-0.5162 
0.814000000000001,-0.5165 
0.8150000000000004,-0.5169 
0.8159999999999998,-0.5173 
0.8170000000000011,-0.5177 
0.8180000000000005,-0.5181 
0.819,-0.5184 
0.8199999999999994,-0.5188 
0.8210000000000006,-0.5192 
0.8220000000000001,-0.5196 
0.8229999999999995,-0.5199 
0.8240000000000007,-0.5203 
0.8250000000000002,-0.5207 
0.8259999999999996,-0.5211 
0.8270000000000008,-0.5215 
0.8280000000000003,-0.5218 
0.8289999999999997,-0.5222 
0.830000000000001,-0.5226 
0.8310000000000004,-0.523 
0.8319999999999999,-0.5234 
0.8330000000000011,-0.5237 
0.8340000000000005,-0.5241 
0.835,-0.5245 
0.8359999999999994,-0.5249 
0.8370000000000006,-0.5253 
0.8380000000000001,-0.5257 
0.8389999999999995,-0.526 
0.8400000000000007,-0.5264 
0.8410000000000002,-0.5268 
0.8419999999999996,-0.5272 
0.8430000000000009,-0.5276 
0.8440000000000003,-0.5279 
0.8449999999999998,-0.5283 
0.846000000000001,-0.5287 
0.8470000000000004,-0.5291 
0.8479999999999999,-0.5295 
0.8490000000000011,-0.5298 
0.8500000000000005,-0.5302 
0.851,-0.5306 
0.8519999999999994,-0.5309 
0.8530000000000006,-0.5313 
0.8540000000000001,-0.5317 
0.8549999999999995,-0.5321 
0.8560000000000008,-0.5325 
0.8570000000000002,-0.5328 
0.8579999999999997,-0.5332 
0.8590000000000009,-0.5336 
0.8600000000000003,-0.534 
0.8609999999999998,-0.5343 
0.862000000000001,-0.5347 
0.8630000000000004,-0.5351 
0.8639999999999999,-0.5354 
0.8650000000000011,-0.5359 
0.8660000000000005,-0.5362 
0.867,-0.5366 
0.8679999999999994,-0.537 
0.8690000000000007,-0.5374 
0.8700000000000001,-0.5377 
0.8709999999999996,-0.5381 
0.8720000000000008,-0.5385 
0.8730000000000002,-0.5388 
0.8739999999999997,-0.5393 
0.8750000000000009,-0.5396 
0.8760000000000003,-0.54 
0.8769999999999998,-0.5403 
0.878000000000001,-0.5407 
0.8790000000000004,-0.5411 
0.8799999999999999,-0.5415 
0.8810000000000011,-0.5419 
0.8820000000000006,-0.5422 
0.883,-0.5426 
0.8839999999999995,-0.543 
0.8850000000000007,-0.5433 
0.8860000000000001,-0.5437 
0.8869999999999996,-0.5441 
0.8880000000000008,-0.5445 
0.8890000000000002,-0.5448 
0.8899999999999997,-0.5452 
0.8910000000000009,-0.5456 
0.8920000000000003,-0.546 
0.8929999999999998,-0.5464 
0.894000000000001,-0.5467 
0.8950000000000005,-0.5471 
0.8959999999999999,-0.5475 
0.8970000000000011,-0.5479 
0.8980000000000006,-0.5483 
0.899,-0.5486 
0.8999999999999995,-0.549 
0.9010000000000007,-0.5494 
0.9020000000000001,-0.5497 
0.9029999999999996,-0.5501 
0.9040000000000008,-0.5504 
0.9050000000000002,-0.5508 
0.9059999999999997,-0.5512 
0.9070000000000009,-0.5516 
0.9080000000000004,-0.5519 
0.9089999999999998,-0.5523 
0.910000000000001,-0.5527 
0.9110000000000005,-0.553 
0.9119999999999999,-0.5534 
0.9130000000000011,-0.5538 
0.9140000000000006,-0.5542 
0.915,-0.5545 
0.9159999999999995,-0.5549 
0.9170000000000007,-0.5553 
0.9180000000000001,-0.5556 
0.9189999999999996,-0.556 
0.9200000000000008,-0.5564 
0.9210000000000003,-0.5568 
0.9219999999999997,-0.5571 
0.9230000000000009,-0.5575 
0.9240000000000004,-0.5578 
0.9249999999999998,-0.5582 
0.926000000000001,-0.5586 
0.9270000000000005,-0.559 
0.9279999999999999,-0.5594 
0.9289999999999994,-0.5597 
0.9300000000000006,-0.56 
0.931,-0.5604 
0.9319999999999995,-0.5608 
0.9330000000000007,-0.5612 
0.9340000000000002,-0.5615 
0.9349999999999996,-0.5619 
0.9360000000000008,-0.5623 
0.9370000000000003,-0.5626 
0.9379999999999997,-0.563 
0.939000000000001,-0.5634 
0.9400000000000004,-0.5638 
0.9409999999999998,-0.5642 
0.9420000000000011,-0.5645 
0.9430000000000005,-0.5649 
0.944,-0.5652 
0.9449999999999994,-0.5656 
0.9460000000000006,-0.566 
0.9470000000000001,-0.5664 
0.9479999999999995,-0.5667 
0.9490000000000007,-0.5671 
0.9500000000000002,-0.5674 
0.9509999999999996,-0.5678 
0.9520000000000008,-0.5682 
0.9530000000000003,-0.5686 
0.9539999999999997,-0.5689 
0.955000000000001,-0.5693 
0.9560000000000004,-0.5696 
0.9569999999999999,-0.57 
0.9580000000000011,-0.5704 
0.9590000000000005,-0.5708 
0.96,-0.5711 
0.9609999999999994,-0.5715 
0.9620000000000006,-0.5718 
0.9630000000000001,-0.5722 
0.9639999999999995,-0.5726 
0.9650000000000007,-0.5729 
0.9660000000000002,-0.5734 
0.9669999999999996,-0.5737 
0.9680000000000009,-0.5741 
0.9690000000000003,-0.5744 
0.9699999999999998,-0.5748 
0.971000000000001,-0.5751 
0.9720000000000004,-0.5755 
0.9729999999999999,-0.5759 
0.9740000000000011,-0.5762 
0.9750000000000005,-0.5766 
0.976,-0.577 
0.9769999999999994,-0.5774 
0.9780000000000006,-0.5777 
0.9790000000000001,-0.5781 
0.9799999999999995,-0.5785 
0.9810000000000008,-0.5788 
0.9820000000000002,-0.5792 
0.9829999999999997,-0.5795 
0.9840000000000009,-0.5799 
0.9850000000000003,-0.5803 
0.9859999999999998,-0.5806 
0.987000000000001,-0.581 
0.9880000000000004,-0.5814 
0.9889999999999999,-0.5817 
0.9900000000000011,-0.5821 
0.9910000000000005,-0.5825 
0.992,-0.5828 
0.9929999999999994,-0.5832 
0.9940000000000007,-0.5836 
0.9950000000000001,-0.5839 
0.9959999999999996,-0.5843 
0.9970000000000008,-0.5847 
0.9980000000000002,-0.585 
0.9989999999999997,-0.5854 
1.0000000000000009,-0.5857 
1.0010000000000003,-0.5861 
1.0019999999999998,-0.5864 
1.003000000000001,-0.5868 
1.0040000000000004,-0.5872 
1.005,-0.5875 
1.0060000000000011,-0.588 
1.0070000000000006,-0.5882 
1.008,-0.5886 
1.0089999999999995,-0.589 
1.0100000000000007,-0.5893 
1.0110000000000001,-0.5897 
1.0119999999999996,-0.5901 
1.0130000000000008,-0.5904 
1.0140000000000002,-0.5908 
1.0149999999999997,-0.5911 
1.016000000000001,-0.5915 
1.0170000000000003,-0.5919 
1.0179999999999998,-0.5922 
1.019000000000001,-0.5926 
1.0200000000000005,-0.593 
1.021,-0.5933 
1.0220000000000011,-0.5937 
1.0230000000000006,-0.594 
1.024,-0.5944 
1.0249999999999995,-0.5947 
1.0260000000000007,-0.5951 
1.0270000000000001,-0.5955 
1.0279999999999996,-0.5958 
1.0290000000000008,-0.5962 
1.0300000000000002,-0.5965 
1.0309999999999997,-0.5969 
1.032000000000001,-0.5973 
1.0330000000000004,-0.5976 
1.0339999999999998,-0.598 
1.035000000000001,-0.5983 
1.0360000000000005,-0.5987 
1.037,-0.599 
1.0380000000000011,-0.5994 
1.0390000000000006,-0.5998 
1.04,-0.6001 
1.0409999999999995,-0.6005 
1.0420000000000007,-0.6008 
1.0430000000000001,-0.6012 
1.0439999999999996,-0.6016 
1.0450000000000008,-0.6019 
1.0460000000000003,-0.6023 
1.0469999999999997,-0.6026 
1.048000000000001,-0.603 
1.0490000000000004,-0.6033 
1.0499999999999998,-0.6037 
1.051000000000001,-0.6041 
1.0520000000000005,-0.6044 
1.053,-0.6048 
1.0539999999999994,-0.6052 
1.0550000000000006,-0.6055 
1.056,-0.6059 
1.0569999999999995,-0.6062 
1.0580000000000007,-0.6066 
1.0590000000000002,-0.607 
1.0599999999999996,-0.6073 
1.0610000000000008,-0.6077 
1.0620000000000003,-0.608 
1.0629999999999997,-0.6084 
1.064000000000001,-0.6087 
1.0650000000000004,-0.6091 
1.0659999999999998,-0.6095 
1.067000000000001,-0.6098 
1.0680000000000005,-0.6102 
1.069,-0.6105 
1.0699999999999994,-0.6109 
1.0710000000000006,-0.6112 
1.072,-0.6116 
1.0729999999999995,-0.6119 
1.0740000000000007,-0.6123 
1.0750000000000002,-0.6127 
1.0759999999999996,-0.613 
1.0770000000000008,-0.6134 
1.0780000000000003,-0.6138 
1.0789999999999997,-0.6141 
1.080000000000001,-0.6145 
1.0810000000000004,-0.6148 
1.0819999999999999,-0.6152 
1.083000000000001,-0.6155 
1.0840000000000005,-0.6158 
1.085,-0.6162 
1.0859999999999994,-0.6166 
1.0870000000000006,-0.6169 
1.088,-0.6173 
1.0889999999999995,-0.6176 
1.0900000000000007,-0.618 
1.0910000000000002,-0.6183 
1.0919999999999996,-0.6187 
1.0930000000000009,-0.6191 
1.0940000000000003,-0.6194 
1.0949999999999998,-0.6197 
1.096000000000001,-0.6201 
1.0970000000000004,-0.6205 
1.0979999999999999,-0.6208 
1.099000000000001,-0.6212 
1.1000000000000005,-0.6216 
1.101,-0.6219 
1.1019999999999994,-0.6223 
1.1030000000000006,-0.6226 
1.104,-0.623 
1.1049999999999995,-0.6233 
1.1060000000000008,-0.6236 
1.1070000000000002,-0.624 
1.1079999999999997,-0.6244 
1.1090000000000009,-0.6247 
1.1100000000000003,-0.6251 
1.1109999999999998,-0.6254 
1.112000000000001,-0.6258 
1.1130000000000004,-0.6261 
1.1139999999999999,-0.6265 
1.115000000000001,-0.6269 
1.1160000000000005,-0.6272 
1.117,-0.6276 
1.1179999999999994,-0.6279 
1.1190000000000007,-0.6283 
1.12,-0.6286 
1.1209999999999996,-0.629 
1.1220000000000008,-0.6293 
1.1230000000000002,-0.6296 
1.1239999999999997,-0.63 
1.1250000000000009,-0.6304 
1.1260000000000003,-0.6307 
1.1269999999999998,-0.6311 
1.128000000000001,-0.6314 
1.1290000000000004,-0.6318 
1.13,-0.6321 
1.1310000000000011,-0.6325 
1.1320000000000006,-0.6328 
1.133,-0.6332 
1.1339999999999995,-0.6335 
1.1350000000000007,-0.6338 
1.1360000000000001,-0.6342 
1.1369999999999996,-0.6345 
1.1380000000000008,-0.6349 
1.1390000000000002,-0.6353 
1.1399999999999997,-0.6356 
1.141000000000001,-0.636 
1.1420000000000003,-0.6363 
1.1429999999999998,-0.6366 
1.144000000000001,-0.637 
1.1450000000000005,-0.6374 
1.146,-0.6377 
1.1470000000000011,-0.6381 
1.1480000000000006,-0.6384 
1.149,-0.6387 
1.1499999999999995,-0.6391 
1.1510000000000007,-0.6394 
1.1520000000000001,-0.6398 
1.1529999999999996,-0.6401 
1.1540000000000008,-0.6405 
1.1550000000000002,-0.6408 
1.1559999999999997,-0.6412 
1.157000000000001,-0.6415 
1.1580000000000004,-0.6419 
1.1589999999999998,-0.6423 
1.160000000000001,-0.6426 
1.1610000000000005,-0.643 
1.162,-0.6433 
1.1630000000000011,-0.6436 
1.1640000000000006,-0.644 
1.165,-0.6443 
1.1659999999999995,-0.6447 
1.1670000000000007,-0.645 
1.1680000000000001,-0.6454 
1.1689999999999996,-0.6457 
1.1700000000000008,-0.6461 
1.1710000000000003,-0.6464 
1.1719999999999997,-0.6468 
1.173000000000001,-0.6471 
1.1740000000000004,-0.6474 
1.1749999999999998,-0.6478 
1.176000000000001,-0.6482 
1.1770000000000005,-0.6485 
1.178,-0.6488 
1.1789999999999994,-0.6492 
1.1800000000000006,-0.6496 
1.181,-0.6499 
1.1819999999999995,-0.6502 
1.1830000000000007,-0.6506 
1.1840000000000002,-0.6509 
1.1849999999999996,-0.6513 
1.1860000000000008,-0.6516 
1.1870000000000003,-0.652 
1.1879999999999997,-0.6523 
1.189000000000001,-0.6527 
1.1900000000000004,-0.653 
1.1909999999999998,-0.6533 
1.192000000000001,-0.6537 
1.1930000000000005,-0.654 
1.194,-0.6544 
1.1949999999999994,-0.6547 
1.1960000000000006,-0.6551 
1.197,-0.6554 
1.1979999999999995,-0.6558 
1.1990000000000007,-0.6562 
1.2000000000000002,-0.6565 
1.2009999999999996,-0.6569 
1.2020000000000008,-0.6572 
1.2030000000000003,-0.6575 
1.2039999999999997,-0.6578 
1.205000000000001,-0.6582 
1.2060000000000004,-0.6586 
1.2069999999999999,-0.6589 
1.208000000000001,-0.6592 
1.2090000000000005,-0.6596 
1.21,-0.6599 
1.2109999999999994,-0.6602 
1.2120000000000006,-0.6606 
1.213,-0.6609 
1.2139999999999995,-0.6613 
1.2150000000000007,-0.6616 
1.2160000000000002,-0.662 
1.2169999999999996,-0.6623 
1.2180000000000009,-0.6627 
1.2190000000000003,-0.663 
1.2199999999999998,-0.6634 
1.221000000000001,-0.6637 
1.2220000000000004,-0.6641 
1.2229999999999999,-0.6644 
1.224000000000001,-0.6648 
1.2250000000000005,-0.6651 
1.226,-0.6654 
1.2269999999999994,-0.6658 
1.2280000000000006,-0.6661 
1.229,-0.6664 
1.2299999999999995,-0.6668 
1.2310000000000008,-0.6671 
1.2320000000000002,-0.6675 
1.2329999999999997,-0.6678 
1.2340000000000009,-0.6682 
1.2350000000000003,-0.6685 
1.2359999999999998,-0.6688 
1.237000000000001,-0.6692 
1.2380000000000004,-0.6695 
1.2389999999999999,-0.6699 
1.240000000000001,-0.6702 
1.2410000000000005,-0.6706 
1.242,-0.6709 
1.2429999999999994,-0.6712 
1.2440000000000007,-0.6716 
1.245,-0.6719 
1.2459999999999996,-0.6723 
1.2470000000000008,-0.6726 
1.2480000000000002,-0.6729 
1.2489999999999997,-0.6732 
1.2500000000000009,-0.6736 
1.2510000000000003,-0.6739 
1.2519999999999998,-0.6743 
1.253000000000001,-0.6746 
1.2540000000000004,-0.6749 
1.255,-0.6753 
1.2560000000000011,-0.6757 
1.2570000000000006,-0.676 
1.258,-0.6763 
1.2589999999999995,-0.6767 
1.2600000000000007,-0.677 
1.2610000000000001,-0.6773 
1.2619999999999996,-0.6777 
1.2630000000000008,-0.678 
1.2640000000000002,-0.6784 
1.2649999999999997,-0.6787 
1.266000000000001,-0.679 
1.2670000000000003,-0.6794 
1.2679999999999998,-0.6797 
1.269000000000001,-0.68 
1.2700000000000005,-0.6804 
1.271,-0.6807 
1.2720000000000011,-0.6811 
1.2730000000000006,-0.6814 
1.274,-0.6818 
1.2749999999999995,-0.6821 
1.2760000000000007,-0.6825 
1.2770000000000001,-0.6828 
1.2779999999999996,-0.6831 
1.2790000000000008,-0.6835 
1.2800000000000002,-0.6838 
1.2809999999999997,-0.6842 
1.282000000000001,-0.6845 
1.2830000000000004,-0.6848 
1.2839999999999998,-0.6852 
1.285000000000001,-0.6855 
1.2860000000000005,-0.6859 
1.287,-0.6862 
1.2880000000000011,-0.6865 
1.2890000000000006,-0.6868 
1.29,-0.6872 
1.2909999999999995,-0.6875 
1.2920000000000007,-0.6879 
1.2930000000000001,-0.6882 
1.2939999999999996,-0.6885 
1.2950000000000008,-0.6889 
1.2960000000000003,-0.6892 
1.2969999999999997,-0.6896 
1.298000000000001,-0.6899 
1.2990000000000004,-0.6902 
1.2999999999999998,-0.6906 
1.301000000000001,-0.6909 
1.3020000000000005,-0.6912 
1.303,-0.6916 
1.3039999999999994,-0.6919 
1.3050000000000006,-0.6922 
1.306,-0.6926 
1.3069999999999995,-0.693 
1.3080000000000007,-0.6933 
1.3090000000000002,-0.6936 
1.3099999999999996,-0.6939 
1.3110000000000008,-0.6943 
1.3120000000000003,-0.6947 
1.3129999999999997,-0.695 
1.314000000000001,-0.6953 
1.3150000000000004,-0.6956 
1.3159999999999998,-0.696 
1.317000000000001,-0.6963 
1.3180000000000005,-0.6966 
1.319,-0.697 
1.3199999999999994,-0.6973 
1.3210000000000006,-0.6977 
1.322,-0.698 
1.3229999999999995,-0.6983 
1.3240000000000007,-0.6986 
1.3250000000000002,-0.699 
1.3259999999999996,-0.6993 
1.3270000000000008,-0.6997 
1.3280000000000003,-0.7 
1.3289999999999997,-0.7003 
1.330000000000001,-0.7007 
1.3310000000000004,-0.701 
1.3319999999999999,-0.7014 
1.333000000000001,-0.7017 
1.3340000000000005,-0.702 
1.335,-0.7024 
1.3359999999999994,-0.7027 
1.3370000000000006,-0.7031 
1.338,-0.7034 
1.3389999999999995,-0.7037 
1.3400000000000007,-0.7041 
1.3410000000000002,-0.7044 
1.3419999999999996,-0.7047 
1.3430000000000009,-0.705 
1.3440000000000003,-0.7054 
1.3449999999999998,-0.7057 
1.346000000000001,-0.7061 
1.3470000000000004,-0.7064 
1.3479999999999999,-0.7067 
1.349000000000001,-0.707 
1.3500000000000005,-0.7074 
1.351,-0.7077 
1.3519999999999994,-0.708 
1.3530000000000006,-0.7083 
1.354,-0.7087 
1.3549999999999995,-0.709 
1.3560000000000008,-0.7094 
1.3570000000000002,-0.7097 
1.3579999999999997,-0.71 
1.3590000000000009,-0.7104 
1.3600000000000003,-0.7107 
1.3609999999999998,-0.7111 
1.362000000000001,-0.7113 
1.3630000000000004,-0.7117 
1.3639999999999999,-0.712 
1.365000000000001,-0.7123 
1.3660000000000005,-0.7127 
1.367,-0.713 
1.3679999999999994,-0.7134 
1.3690000000000007,-0.7137 
1.37,-0.714 
1.3709999999999996,-0.7143 
1.3720000000000008,-0.7147 
1.3730000000000002,-0.715 
1.3739999999999997,-0.7153 
1.3750000000000009,-0.7157 
1.3760000000000003,-0.716 
1.3769999999999998,-0.7163 
1.378000000000001,-0.7166 
1.3790000000000004,-0.717 
1.38,-0.7173 
1.3810000000000011,-0.7176 
1.3820000000000006,-0.718 
1.383,-0.7183 
1.3839999999999995,-0.7186 
1.3850000000000007,-0.719 
1.3860000000000001,-0.7193 
1.3869999999999996,-0.7197 
1.3880000000000008,-0.72 
1.3890000000000002,-0.7203 
1.3899999999999997,-0.7206 
1.391000000000001,-0.721 
1.3920000000000003,-0.7213 
1.3929999999999998,-0.7216 
1.394000000000001,-0.722 
1.3950000000000005,-0.7223 
1.396,-0.7226 
1.3970000000000011,-0.723 
1.3980000000000006,-0.7233 
1.399,-0.7236 
1.3999999999999995,-0.724 
1.4010000000000007,-0.7243 
1.4020000000000001,-0.7246 
1.4029999999999996,-0.7249 
1.4040000000000008,-0.7253 
1.4050000000000002,-0.7256 
1.4059999999999997,-0.726 
1.407000000000001,-0.7263 
1.4080000000000004,-0.7266 
1.4089999999999998,-0.7269 
1.410000000000001,-0.7272 
1.4110000000000005,-0.7276 
1.412,-0.7279 
1.4130000000000011,-0.7282 
1.4140000000000006,-0.7285 
1.415,-0.7289 
1.4159999999999995,-0.7292 
1.4170000000000007,-0.7295 
1.4180000000000001,-0.7299 
1.4189999999999996,-0.7302 
1.4200000000000008,-0.7306 
1.4210000000000003,-0.7309 
1.4219999999999997,-0.7312 
1.423000000000001,-0.7315 
1.4240000000000004,-0.7318 
1.4249999999999998,-0.7322 
1.426000000000001,-0.7325 
1.4270000000000005,-0.7329 
1.428,-0.7332 
1.4289999999999994,-0.7335 
1.4300000000000006,-0.7338 
1.431,-0.7341 
1.4319999999999995,-0.7345 
1.4330000000000007,-0.7348 
1.4340000000000002,-0.7352 
1.4349999999999996,-0.7355 
1.4360000000000008,-0.7358 
1.4370000000000003,-0.7361 
1.4379999999999997,-0.7364 
1.439000000000001,-0.7368 
1.4400000000000004,-0.7371 
1.4409999999999998,-0.7375 
1.442000000000001,-0.7377 
1.4430000000000005,-0.7381 
1.444,-0.7384 
1.4449999999999994,-0.7387 
1.4460000000000006,-0.7391 
1.447,-0.7394 
1.4479999999999995,-0.7398 
1.4490000000000007,-0.7401 
1.4500000000000002,-0.7404 
1.4509999999999996,-0.7407 
1.4520000000000008,-0.741 
1.4530000000000003,-0.7414 
1.4539999999999997,-0.7417 
1.455000000000001,-0.7421 
1.4560000000000004,-0.7423 
1.4569999999999999,-0.7427 
1.458000000000001,-0.743 
1.4590000000000005,-0.7433 
1.46,-0.7437 
1.4609999999999994,-0.744 
1.4620000000000006,-0.7443 
1.463,-0.7447 
1.4639999999999995,-0.745 
1.4650000000000007,-0.7453 
1.4660000000000002,-0.7456 
1.4669999999999996,-0.7459 
1.4680000000000009,-0.7463 
1.4690000000000003,-0.7466 
1.4699999999999998,-0.7469 
1.471000000000001,-0.7472 
1.4720000000000004,-0.7475 
1.4729999999999999,-0.7479 
1.474000000000001,-0.7482 
1.4750000000000005,-0.7485 
1.476,-0.7489 
1.4769999999999994,-0.7492 
1.4780000000000006,-0.7495 
1.479,-0.7498 
1.4799999999999995,-0.7502 
1.4810000000000008,-0.7505 
1.4820000000000002,-0.7508 
1.4829999999999997,-0.7511 
1.4840000000000009,-0.7514 
1.4850000000000003,-0.7518 
1.4859999999999998,-0.7521 
1.487000000000001,-0.7524 
1.4880000000000004,-0.7527 
1.4889999999999999,-0.753 
1.490000000000001,-0.7534 
1.4910000000000005,-0.7537 
1.492,-0.754 
1.4929999999999994,-0.7544 
1.4940000000000007,-0.7547 
1.495,-0.755 
1.4959999999999996,-0.7553 
1.4970000000000008,-0.7557 
1.4980000000000002,-0.7559 
1.4989999999999997,-0.7563 
1.5000000000000009,-0.7567 
1.5010000000000003,-0.7569 
1.5019999999999998,-0.7573 
1.503000000000001,-0.7576 
1.5040000000000004,-0.7579 
1.505,-0.7582 
1.5060000000000011,-0.7585 
1.5070000000000006,-0.7589 
1.508,-0.7592 
1.5089999999999995,-0.7596 
1.5100000000000007,-0.7598 
1.5110000000000001,-0.7602 
1.5119999999999996,-0.7605 
1.5130000000000008,-0.7608 
1.5140000000000002,-0.7612 
1.5149999999999997,-0.7615 
1.516000000000001,-0.7618 
1.5170000000000003,-0.7621 
1.5179999999999998,-0.7625 
1.519000000000001,-0.7628 
1.5200000000000005,-0.7631 
1.521,-0.7634 
1.5220000000000011,-0.7637 
1.5230000000000006,-0.7641 
1.524,-0.7644 
1.5249999999999995,-0.7647 
1.5260000000000007,-0.765 
1.5270000000000001,-0.7653 
1.5279999999999996,-0.7656 
1.5290000000000008,-0.766 
1.5300000000000002,-0.7663 
1.5309999999999997,-0.7666 
1.532000000000001,-0.7669 
1.5330000000000004,-0.7673 
1.5339999999999998,-0.7676 
1.535000000000001,-0.7679 
1.5360000000000005,-0.7682 
1.537,-0.7686 
1.5380000000000011,-0.7689 
1.5390000000000006,-0.7692 
1.54,-0.7695 
1.5409999999999995,-0.7698 
1.5420000000000007,-0.7702 
1.5430000000000001,-0.7705 
1.5439999999999996,-0.7708 
1.5450000000000008,-0.7711 
1.5460000000000003,-0.7715 
1.5469999999999997,-0.7718 
1.548000000000001,-0.7721 
1.5490000000000004,-0.7724 
1.5499999999999998,-0.7727 
1.551000000000001,-0.7731 
1.5520000000000005,-0.7734 
1.553,-0.7737 
1.5539999999999994,-0.774 
1.5550000000000006,-0.7743 
1.556,-0.7747 
1.5569999999999995,-0.775 
1.5580000000000007,-0.7753 
1.5590000000000002,-0.7756 
1.5599999999999996,-0.7759 
1.5610000000000008,-0.7763 
1.5620000000000003,-0.7766 
1.5629999999999997,-0.7769 
1.564000000000001,-0.7772 
1.5650000000000004,-0.7775 
1.5659999999999998,-0.7778 
1.567000000000001,-0.7782 
1.5680000000000005,-0.7785 
1.569,-0.7788 
1.5699999999999994,-0.7791 
1.5710000000000006,-0.7794 
1.572,-0.7798 
1.5729999999999995,-0.7801 
1.5740000000000007,-0.7804 
1.5750000000000002,-0.7808 
1.5759999999999996,-0.781 
1.5770000000000008,-0.7814 
1.5780000000000003,-0.7817 
1.5789999999999997,-0.782 
1.580000000000001,-0.7823 
1.5810000000000004,-0.7827 
1.5819999999999999,-0.783 
1.583000000000001,-0.7833 
1.5840000000000005,-0.7836 
1.585,-0.7839 
1.5859999999999994,-0.7843 
1.5870000000000006,-0.7845 
1.588,-0.7849 
1.5889999999999995,-0.7852 
1.5900000000000007,-0.7855 
1.5910000000000002,-0.7858 
1.5919999999999996,-0.7861 
1.5930000000000009,-0.7865 
1.5940000000000003,-0.7868 
1.5949999999999998,-0.7871 
1.596000000000001,-0.7874 
1.5970000000000004,-0.7877 
1.5979999999999999,-0.788 
1.599000000000001,-0.7884 
1.6000000000000005,-0.7887 
1.601,-0.789 
1.6019999999999994,-0.7893 
1.6030000000000006,-0.7896 
1.604,-0.7899 
1.6049999999999995,-0.7902 
1.6060000000000008,-0.7905 
1.6070000000000002,-0.7909 
1.6079999999999997,-0.7912 
1.6090000000000009,-0.7915 
1.6100000000000003,-0.7919 
1.6109999999999998,-0.7921 
1.612000000000001,-0.7925 
1.6130000000000004,-0.7928 
1.6139999999999999,-0.7931 
1.615000000000001,-0.7934 
1.6160000000000005,-0.7937 
1.617,-0.7941 
1.6179999999999994,-0.7944 
1.6190000000000007,-0.7947 
1.62,-0.795 
1.6209999999999996,-0.7953 
1.6220000000000008,-0.7956 
1.6230000000000002,-0.7959 
1.6239999999999997,-0.7963 
1.6250000000000009,-0.7966 
1.6260000000000003,-0.7969 
1.6269999999999998,-0.7972 
1.628000000000001,-0.7975 
1.6290000000000004,-0.7978 
1.63,-0.7981 
1.6310000000000011,-0.7984 
1.6320000000000006,-0.7988 
1.633,-0.7991 
1.6339999999999995,-0.7994 
1.6350000000000007,-0.7997 
1.6360000000000001,-0.8001 
1.6369999999999996,-0.8004 
1.6380000000000008,-0.8007 
1.6390000000000002,-0.801 
1.6399999999999997,-0.8013 
1.641000000000001,-0.8017 
1.6420000000000003,-0.802 
1.6429999999999998,-0.8023 
1.644000000000001,-0.8026 
1.6450000000000005,-0.8029 
1.646,-0.8032 
1.6470000000000011,-0.8035 
1.6480000000000006,-0.8038 
1.649,-0.8041 
1.6499999999999995,-0.8045 
1.6510000000000007,-0.8048 
1.6520000000000001,-0.8051 
1.6529999999999996,-0.8054 
1.6540000000000008,-0.8057 
1.6550000000000002,-0.806 
1.6559999999999997,-0.8064 
1.657000000000001,-0.8067 
1.6580000000000004,-0.807 
1.6589999999999998,-0.8073 
1.660000000000001,-0.8076 
1.6610000000000005,-0.8079 
1.662,-0.8082 
1.6630000000000011,-0.8085 
1.6640000000000006,-0.8089 
1.665,-0.8092 
1.6659999999999995,-0.8095 
1.6670000000000007,-0.8098 
1.6680000000000001,-0.8101 
1.6689999999999996,-0.8105 
1.6700000000000008,-0.8107 
1.6710000000000003,-0.8111 
1.6719999999999997,-0.8114 
1.673000000000001,-0.8117 
1.6740000000000004,-0.812 
1.6749999999999998,-0.8123 
1.676000000000001,-0.8126 
1.6770000000000005,-0.8129 
1.678,-0.8132 
1.6789999999999994,-0.8136 
1.6800000000000006,-0.8139 
1.681,-0.8142 
1.6819999999999995,-0.8145 
1.6830000000000007,-0.8148 
1.6840000000000002,-0.8151 
1.6849999999999996,-0.8154 
1.6860000000000008,-0.8157 
1.6870000000000003,-0.816 
1.6879999999999997,-0.8164 
1.689000000000001,-0.8167 
1.6900000000000004,-0.817 
1.6909999999999998,-0.8173 
1.692000000000001,-0.8176 
1.6930000000000005,-0.8179 
1.694,-0.8182 
1.6949999999999994,-0.8186 
1.6960000000000006,-0.8189 
1.697,-0.8192 
1.6979999999999995,-0.8195 
1.6990000000000007,-0.8198 
1.7000000000000002,-0.8201 
1.7009999999999996,-0.8204 
1.7020000000000008,-0.8208 
1.7030000000000003,-0.821 
1.7039999999999997,-0.8214 
1.705000000000001,-0.8217 
1.7060000000000004,-0.822 
1.7069999999999999,-0.8223 
1.708000000000001,-0.8226 
1.7090000000000005,-0.8229 
1.71,-0.8232 
1.7109999999999994,-0.8236 
1.7120000000000006,-0.8239 
1.713,-0.8242 
1.7139999999999995,-0.8244 
1.7150000000000007,-0.8248 
1.7160000000000002,-0.8251 
1.7169999999999996,-0.8254 
1.7180000000000009,-0.8257 
1.7190000000000003,-0.826 
1.7199999999999998,-0.8263 
1.721000000000001,-0.8266 
1.7220000000000004,-0.827 
1.7229999999999999,-0.8273 
1.724000000000001,-0.8276 
1.7250000000000005,-0.8279 
1.726,-0.8282 
1.7269999999999994,-0.8285 
1.7280000000000006,-0.8288 
1.729,-0.8291 
1.7299999999999995,-0.8294 
1.7310000000000008,-0.8297 
1.7320000000000002,-0.83 
1.7329999999999997,-0.8303 
1.7340000000000009,-0.8306 
1.7350000000000003,-0.831 
1.7359999999999998,-0.8312 
1.737000000000001,-0.8316 
1.7380000000000004,-0.8319 
1.7389999999999999,-0.8322 
1.740000000000001,-0.8325 
1.7410000000000005,-0.8328 
1.742,-0.8331 
1.7429999999999994,-0.8334 
1.7440000000000007,-0.8337 
1.745,-0.834 
1.7459999999999996,-0.8343 
1.7470000000000008,-0.8346 
1.7480000000000002,-0.835 
1.7489999999999997,-0.8353 
1.7500000000000009,-0.8356 
1.7510000000000003,-0.8359 
1.7519999999999998,-0.8362 
1.753000000000001,-0.8365 
1.7540000000000004,-0.8368 
1.755,-0.8371 
1.7560000000000011,-0.8374 
1.7570000000000006,-0.8377 
1.758,-0.8381 
1.7589999999999995,-0.8384 
1.7600000000000007,-0.8387 
1.7610000000000001,-0.839 
1.7619999999999996,-0.8393 
1.7630000000000008,-0.8396 
1.7640000000000002,-0.8399 
1.7649999999999997,-0.8402 
1.766000000000001,-0.8405 
1.7670000000000003,-0.8408 
1.7679999999999998,-0.8411 
1.769000000000001,-0.8415 
1.7700000000000005,-0.8418 
1.771,-0.8421 
1.7720000000000011,-0.8424 
1.7730000000000006,-0.8427 
1.774,-0.843 
1.7749999999999995,-0.8433 
1.7760000000000007,-0.8436 
1.7770000000000001,-0.8439 
1.7779999999999996,-0.8442 
1.7790000000000008,-0.8446 
1.7800000000000002,-0.8448 
1.7809999999999997,-0.8451 
1.782000000000001,-0.8455 
1.7830000000000004,-0.8457 
1.7839999999999998,-0.8461 
1.785000000000001,-0.8463 
1.7860000000000005,-0.8467 
1.787,-0.847 
1.7880000000000011,-0.8473 
1.7890000000000006,-0.8476 
1.79,-0.8479 
1.7909999999999995,-0.8482 
1.7920000000000007,-0.8485 
1.7930000000000001,-0.8488 
1.7939999999999996,-0.8491 
1.7950000000000008,-0.8494 
1.7960000000000003,-0.8498 
1.7969999999999997,-0.8501 
1.798000000000001,-0.8504 
1.7990000000000004,-0.8506 
1.7999999999999998,-0.851 
1.801000000000001,-0.8513 
1.8020000000000005,-0.8516 
1.803,-0.8519 
1.8039999999999994,-0.8522 
1.8050000000000006,-0.8525 
1.806,-0.8528 
1.8069999999999995,-0.8531 
1.8080000000000007,-0.8534 
1.8090000000000002,-0.8537 
1.8099999999999996,-0.854 
1.8110000000000008,-0.8543 
1.8120000000000003,-0.8546 
1.8129999999999997,-0.8549 
1.814000000000001,-0.8552 
1.8150000000000004,-0.8555 
1.8159999999999998,-0.8558 
1.817000000000001,-0.8562 
1.8180000000000005,-0.8564 
1.819,-0.8568 
1.8199999999999994,-0.8571 
1.8210000000000006,-0.8574 
1.822,-0.8577 
1.8229999999999995,-0.858 
1.8240000000000007,-0.8583 
1.8250000000000002,-0.8586 
1.8259999999999996,-0.8589 
1.8270000000000008,-0.8592 
1.8280000000000003,-0.8595 
1.8289999999999997,-0.8598 
1.830000000000001,-0.8601 
1.8310000000000004,-0.8605 
1.8319999999999999,-0.8607 
1.833000000000001,-0.8611 
1.8340000000000005,-0.8613 
1.835,-0.8616 
1.8359999999999994,-0.8619 
1.8370000000000006,-0.8623 
1.838,-0.8626 
1.8389999999999995,-0.8629 
1.8400000000000007,-0.8632 
1.8410000000000002,-0.8635 
1.8419999999999996,-0.8638 
1.8430000000000009,-0.8641 
1.8440000000000003,-0.8644 
1.8449999999999998,-0.8647 
1.846000000000001,-0.865 
1.8470000000000004,-0.8653 
1.8479999999999999,-0.8656 
1.849000000000001,-0.8659 
1.8500000000000005,-0.8662 
1.851,-0.8665 
1.8519999999999994,-0.8668 
1.8530000000000006,-0.8671 
1.854,-0.8674 
1.8549999999999995,-0.8677 
1.8560000000000008,-0.868 
1.8570000000000002,-0.8683 
1.8579999999999997,-0.8686 
1.8590000000000009,-0.869 
1.8600000000000003,-0.8692 
1.8609999999999998,-0.8695 
1.862000000000001,-0.8698 
1.8630000000000004,-0.8701 
1.8639999999999999,-0.8704 
1.865000000000001,-0.8707 
1.8660000000000005,-0.8711 
1.867,-0.8713 
1.8679999999999994,-0.8716 
1.8690000000000007,-0.8719 
1.87,-0.8723 
1.8709999999999996,-0.8726 
1.8720000000000008,-0.8728 
1.8730000000000002,-0.8732 
1.8739999999999997,-0.8734 
1.8750000000000009,-0.8737 
1.8760000000000003,-0.874 
1.8769999999999998,-0.8744 
1.878000000000001,-0.8747 
1.8790000000000004,-0.875 
1.88,-0.8753 
1.8810000000000011,-0.8755 
1.8820000000000006,-0.8759 
1.883,-0.8761 
1.8839999999999995,-0.8765 
1.8850000000000007,-0.8768 
1.8860000000000001,-0.8771 
1.8869999999999996,-0.8774 
1.8880000000000008,-0.8777 
1.8890000000000002,-0.878 
1.8899999999999997,-0.8783 
1.891000000000001,-0.8786 
1.8920000000000003,-0.8789 
1.8929999999999998,-0.8792 
1.894000000000001,-0.8795 
1.8950000000000005,-0.8798 
1.896,-0.8801 
1.8970000000000011,-0.8804 
1.8980000000000006,-0.8807 
1.899,-0.8811 
1.8999999999999995,-0.8813 
1.9010000000000007,-0.8816 
1.9020000000000001,-0.8819 
1.9029999999999996,-0.8822 
1.9040000000000008,-0.8825 
1.9050000000000002,-0.8828 
1.9059999999999997,-0.8831 
1.907000000000001,-0.8834 
1.9080000000000004,-0.8837 
1.9089999999999998,-0.884 
1.910000000000001,-0.8843 
1.9110000000000005,-0.8846 
1.912,-0.8849 
1.9130000000000011,-0.8853 
1.9140000000000006,-0.8855 
1.915,-0.8858 
1.9159999999999995,-0.8861 
1.9170000000000007,-0.8864 
1.9180000000000001,-0.8868 
1.9189999999999996,-0.887 
1.9200000000000008,-0.8874 
1.9210000000000003,-0.8876 
1.9219999999999997,-0.8879 
1.923000000000001,-0.8882 
1.9240000000000004,-0.8885 
1.9249999999999998,-0.8889 
1.926000000000001,-0.8891 
1.9270000000000005,-0.8895 
1.928,-0.8897 
1.9289999999999994,-0.89 
1.9300000000000006,-0.8903 
1.931,-0.8906 
1.9319999999999995,-0.891 
1.9330000000000007,-0.8912 
1.9340000000000002,-0.8916 
1.9349999999999996,-0.8918 
1.9360000000000008,-0.8921 
1.9370000000000003,-0.8924 
1.9379999999999997,-0.8927 
1.939000000000001,-0.8931 
1.9400000000000004,-0.8933 
1.9409999999999998,-0.8936 
1.942000000000001,-0.8939 
1.9430000000000005,-0.8942 
1.944,-0.8945 
1.9449999999999994,-0.8948 
1.9460000000000006,-0.8951 
1.947,-0.8954 
1.9479999999999995,-0.8957 
1.9490000000000007,-0.896 
1.9500000000000002,-0.8963 
1.9509999999999996,-0.8966 
1.9520000000000008,-0.8969 
1.9530000000000003,-0.8973 
1.9539999999999997,-0.8975 
1.955000000000001,-0.8978 
1.9560000000000004,-0.8981 
1.9569999999999999,-0.8984 
1.958000000000001,-0.8988 
1.9590000000000005,-0.8991 
1.96,-0.8994 
1.9609999999999994,-0.8997 
1.9620000000000006,-0.8999 
1.963,-0.9002 
1.9639999999999995,-0.9005 
1.9650000000000007,-0.9008 
1.9660000000000002,-0.9011 
1.9669999999999996,-0.9014 
1.9680000000000009,-0.9017 
1.9690000000000003,-0.902 
1.9699999999999998,-0.9023 
1.971000000000001,-0.9026 
1.9720000000000004,-0.9029 
1.9729999999999999,-0.9032 
1.974000000000001,-0.9035 
1.9750000000000005,-0.9038 
1.976,-0.9041 
1.9769999999999994,-0.9044 
1.9780000000000006,-0.9047 
1.979,-0.905 
1.9799999999999995,-0.9053 
1.9810000000000008,-0.9056 
1.9820000000000002,-0.9059 
1.9829999999999997,-0.9062 
1.9840000000000009,-0.9065 
1.9850000000000003,-0.9068 
1.9859999999999998,-0.9071 
1.987000000000001,-0.9073 
1.9880000000000004,-0.9077 
1.9889999999999999,-0.9079 
1.990000000000001,-0.9082 
1.9910000000000005,-0.9085 
1.992,-0.9088 
1.9929999999999994,-0.9092 
1.9940000000000007,-0.9094 
1.995,-0.9097 
1.9959999999999996,-0.91 
1.9970000000000008,-0.9103 
1.9980000000000002,-0.9107 
1.9989999999999997,-0.9109 
2.000000000000001,-0.9113 
2.0010000000000003,-0.9116 
2.002,-0.9118 
2.003000000000001,-0.9121 
2.0040000000000004,-0.9124 
2.005,-0.9127 
2.006000000000001,-0.913 
2.0070000000000006,-0.9133 
2.008,-0.9136 
2.0089999999999995,-0.9139 
2.0100000000000007,-0.9142 
2.011,-0.9145 
2.0119999999999996,-0.9148 
2.013000000000001,-0.9151 
2.0140000000000002,-0.9154 
2.0149999999999997,-0.9157 
2.016000000000001,-0.916 
2.0170000000000003,-0.9163 
2.018,-0.9166 
2.019000000000001,-0.9169 
2.0200000000000005,-0.9172 
2.021,-0.9175 
2.022000000000001,-0.9178 
2.0230000000000006,-0.9181 
2.024,-0.9183 
2.0249999999999995,-0.9186 
2.0260000000000007,-0.919 
2.027,-0.9192 
2.0279999999999996,-0.9196 
2.029000000000001,-0.9198 
2.0300000000000002,-0.9202 
2.0309999999999997,-0.9204 
2.032000000000001,-0.9207 
2.0330000000000004,-0.921 
2.034,-0.9213 
2.035000000000001,-0.9216 
2.0360000000000005,-0.9219 
2.037,-0.9222 
2.038000000000001,-0.9225 
2.0390000000000006,-0.9228 
2.04,-0.9231 
2.0409999999999995,-0.9234 
2.0420000000000007,-0.9237 
2.043,-0.924 
2.0439999999999996,-0.9242 
2.045000000000001,-0.9246 
2.0460000000000003,-0.9249 
2.0469999999999997,-0.9252 
2.048000000000001,-0.9254 
2.0490000000000004,-0.9258 
2.05,-0.926 
2.051000000000001,-0.9263 
2.0520000000000005,-0.9266 
2.053,-0.9269 
2.0539999999999994,-0.9272 
2.0550000000000006,-0.9275 
2.056,-0.9278 
2.0569999999999995,-0.9281 
2.0580000000000007,-0.9284 
2.059,-0.9287 
2.0599999999999996,-0.929 
2.061000000000001,-0.9293 
2.0620000000000003,-0.9296 
2.0629999999999997,-0.9299 
2.064000000000001,-0.9302 
2.0650000000000004,-0.9305 
2.066,-0.9308 
2.067000000000001,-0.9311 
2.0680000000000005,-0.9314 
2.069,-0.9317 
2.0699999999999994,-0.9319 
2.0710000000000006,-0.9322 
2.072,-0.9325 
2.0729999999999995,-0.9329 
2.0740000000000007,-0.9331 
2.075,-0.9334 
2.0759999999999996,-0.9337 
2.077000000000001,-0.934 
2.0780000000000003,-0.9343 
2.0789999999999997,-0.9346 
2.080000000000001,-0.9349 
2.0810000000000004,-0.9352 
2.082,-0.9355 
2.083000000000001,-0.9358 
2.0840000000000005,-0.936 
2.085,-0.9363 
2.0859999999999994,-0.9367 
2.0870000000000006,-0.937 
2.088,-0.9372 
2.0889999999999995,-0.9376 
2.0900000000000007,-0.9378 
2.091,-0.9381 
2.0919999999999996,-0.9385 
2.093000000000001,-0.9387 
2.0940000000000003,-0.939 
2.0949999999999998,-0.9393 
2.096000000000001,-0.9396 
2.0970000000000004,-0.9399 
2.098,-0.9402 
2.099000000000001,-0.9405 
2.1000000000000005,-0.9408 
2.101,-0.9411 
2.1019999999999994,-0.9413 
2.1030000000000006,-0.9417 
2.104,-0.9419 
2.1049999999999995,-0.9422 
2.1060000000000008,-0.9425 
2.107,-0.9428 
2.1079999999999997,-0.9431 
2.109000000000001,-0.9434 
2.1100000000000003,-0.9437 
2.1109999999999998,-0.944 
2.112000000000001,-0.9443 
2.1130000000000004,-0.9446 
2.114,-0.9448 
2.115000000000001,-0.9452 
2.1160000000000005,-0.9455 
2.117,-0.9457 
2.1179999999999994,-0.946 
2.1190000000000007,-0.9463 
2.12,-0.9466 
2.1209999999999996,-0.9469 
2.1220000000000008,-0.9472 
2.123,-0.9474 
2.1239999999999997,-0.9477 
2.125000000000001,-0.948 
2.1260000000000003,-0.9484 
2.127,-0.9486 
2.128000000000001,-0.9489 
2.1290000000000004,-0.9492 
2.13,-0.9495 
2.131000000000001,-0.9498 
2.1320000000000006,-0.9501 
2.133,-0.9504 
2.1339999999999995,-0.9507 
2.1350000000000007,-0.951 
2.136,-0.9513 
2.1369999999999996,-0.9515 
2.138000000000001,-0.9518 
2.1390000000000002,-0.9521 
2.1399999999999997,-0.9524 
2.141000000000001,-0.9527 
2.1420000000000003,-0.953 
2.143,-0.9533 
2.144000000000001,-0.9536 
2.1450000000000005,-0.9539 
2.146,-0.9541 
2.147000000000001,-0.9544 
2.1480000000000006,-0.9548 
2.149,-0.955 
2.1499999999999995,-0.9554 
2.1510000000000007,-0.9556 
2.152,-0.9559 
2.1529999999999996,-0.9562 
2.154000000000001,-0.9565 
2.1550000000000002,-0.9568 
2.1559999999999997,-0.9571 
2.157000000000001,-0.9574 
2.1580000000000004,-0.9577 
2.159,-0.9579 
2.160000000000001,-0.9583 
2.1610000000000005,-0.9586 
2.162,-0.9588 
2.163000000000001,-0.9591 
2.1640000000000006,-0.9594 
2.165,-0.9597 
2.1659999999999995,-0.96 
2.1670000000000007,-0.9603 
2.168,-0.9606 
2.1689999999999996,-0.9609 
2.170000000000001,-0.9611 
2.1710000000000003,-0.9614 
2.1719999999999997,-0.9617 
2.173000000000001,-0.962 
2.1740000000000004,-0.9623 
2.175,-0.9626 
2.176000000000001,-0.9629 
2.1770000000000005,-0.9632 
2.178,-0.9634 
2.1789999999999994,-0.9637 
2.1800000000000006,-0.964 
2.181,-0.9643 
2.1819999999999995,-0.9646 
2.1830000000000007,-0.9649 
2.184,-0.9652 
2.1849999999999996,-0.9655 
2.186000000000001,-0.9658 
2.1870000000000003,-0.966 
2.1879999999999997,-0.9664 
2.189000000000001,-0.9666 
2.1900000000000004,-0.967 
2.191,-0.9672 
2.192000000000001,-0.9675 
2.1930000000000005,-0.9678 
2.194,-0.9681 
2.1949999999999994,-0.9684 
2.1960000000000006,-0.9686 
2.197,-0.969 
2.1979999999999995,-0.9692 
2.1990000000000007,-0.9695 
2.2,-0.9698 
2.2009999999999996,-0.9701 
2.202000000000001,-0.9704 
2.2030000000000003,-0.9706 
2.2039999999999997,-0.9709 
2.205000000000001,-0.9712 
2.2060000000000004,-0.9715 
2.207,-0.9718 
2.208000000000001,-0.9721 
2.2090000000000005,-0.9724 
2.21,-0.9727 
2.2109999999999994,-0.973 
2.2120000000000006,-0.9732 
2.213,-0.9735 
2.2139999999999995,-0.9739 
2.2150000000000007,-0.9741 
2.216,-0.9744 
2.2169999999999996,-0.9747 
2.218000000000001,-0.975 
2.2190000000000003,-0.9753 
2.2199999999999998,-0.9756 
2.221000000000001,-0.9758 
2.2220000000000004,-0.9761 
2.223,-0.9765 
2.224000000000001,-0.9767 
2.2250000000000005,-0.977 
2.226,-0.9773 
2.2269999999999994,-0.9776 
2.2280000000000006,-0.9779 
2.229,-0.9782 
2.2299999999999995,-0.9785 
2.2310000000000008,-0.9787 
2.232,-0.979 
2.2329999999999997,-0.9793 
2.234000000000001,-0.9796 
2.2350000000000003,-0.9799 
2.2359999999999998,-0.9801 
2.237000000000001,-0.9805 
2.2380000000000004,-0.9807 
2.239,-0.981 
2.240000000000001,-0.9813 
2.2410000000000005,-0.9816 
2.242,-0.9819 
2.2429999999999994,-0.9821 
2.2440000000000007,-0.9824 
2.245,-0.9827 
2.2459999999999996,-0.983 
2.2470000000000008,-0.9833 
2.248,-0.9836 
2.2489999999999997,-0.9839 
2.250000000000001,-0.9841 
2.2510000000000003,-0.9844 
2.252,-0.9847 
2.253000000000001,-0.985 
2.2540000000000004,-0.9853 
2.255,-0.9855 
2.256000000000001,-0.9859 
2.2570000000000006,-0.9861 
2.258,-0.9864 
2.2589999999999995,-0.9867 
2.2600000000000007,-0.9869 
2.261,-0.9873 
2.2619999999999996,-0.9875 
2.263000000000001,-0.9878 
2.2640000000000002,-0.9881 
2.2649999999999997,-0.9884 
2.266000000000001,-0.9887 
2.2670000000000003,-0.9889 
2.268,-0.9892 
2.269000000000001,-0.9895 
2.2700000000000005,-0.9899 
2.271,-0.9901 
2.272000000000001,-0.9904 
2.2730000000000006,-0.9906 
2.274,-0.9909 
2.2749999999999995,-0.9912 
2.2760000000000007,-0.9915 
2.277,-0.9918 
2.2779999999999996,-0.9921 
2.279000000000001,-0.9923 
2.2800000000000002,-0.9926 
2.2809999999999997,-0.9929 
2.282000000000001,-0.9932 
2.2830000000000004,-0.9935 
2.284,-0.9938 
2.285000000000001,-0.994 
2.2860000000000005,-0.9943 
2.287,-0.9946 
2.288000000000001,-0.9949 
2.2890000000000006,-0.9952 
2.29,-0.9955 
2.2909999999999995,-0.9958 
2.2920000000000007,-0.9961 
2.293,-0.9963 
2.2939999999999996,-0.9966 
2.295000000000001,-0.9969 
2.2960000000000003,-0.9972 
2.2969999999999997,-0.9975 
2.298000000000001,-0.9978 
2.2990000000000004,-0.998 
2.3,-0.9983 
2.301000000000001,-0.9986 
2.3020000000000005,-0.9989 
2.303,-0.9992 
2.3039999999999994,-0.9994 
2.3050000000000006,-0.9997 
2.306,-1.0 
