cp80.txt
0.0,-0.2088 
0.001000000000000334,-0.209 
0.002000000000000668,-0.2097 
0.0030000000000001137,-0.2108 
0.004000000000000448,-0.2121 
0.005000000000000782,-0.2132 
0.006000000000000227,-0.2139 
0.007000000000000561,-0.2145 
0.008000000000000007,-0.2151 
0.009000000000000341,-0.2156 
0.010000000000000675,-0.2162 
0.01100000000000012,-0.2167 
0.012000000000000455,-0.2173 
0.013000000000000789,-0.2178 
0.014000000000000234,-0.2185 
0.015000000000000568,-0.2192 
0.016000000000000014,-0.2199 
0.017000000000000348,-0.2207 
0.018000000000000682,-0.2215 
0.019000000000000128,-0.2223 
0.020000000000000462,-0.2231 
0.021000000000000796,-0.2239 
0.02200000000000024,-0.2246 
0.023000000000000576,-0.2253 
0.02400000000000002,-0.226 
0.025000000000000355,-0.2268 
0.02600000000000069,-0.2275 
0.027000000000000135,-0.2282 
0.02800000000000047,-0.2289 
0.029000000000000803,-0.2295 
0.03000000000000025,-0.2302 
0.031000000000000583,-0.2308 
0.03200000000000003,-0.2315 
0.03300000000000036,-0.2321 
0.034000000000000696,-0.2327 
0.03500000000000014,-0.2333 
0.036000000000000476,-0.2338 
0.03700000000000081,-0.2343 
0.038000000000000256,-0.2346 
0.03900000000000059,-0.2349 
0.040000000000000036,-0.2351 
0.04100000000000037,-0.2354 
0.0420000000000007,-0.2358 
0.04300000000000015,-0.2361 
0.04400000000000048,-0.2365 
0.04500000000000082,-0.2369 
0.04600000000000026,-0.2374 
0.0470000000000006,-0.2379 
0.04800000000000004,-0.2384 
0.04900000000000038,-0.2389 
0.05000000000000071,-0.2395 
0.051000000000000156,-0.24 
0.05200000000000049,-0.2406 
0.053000000000000824,-0.2411 
0.05400000000000027,-0.2417 
0.055000000000000604,-0.2423 
0.05600000000000005,-0.2429 
0.057000000000000384,-0.2435 
0.05800000000000072,-0.2441 
0.05900000000000016,-0.2447 
0.0600000000000005,-0.2453 
0.06100000000000083,-0.2459 
0.06200000000000028,-0.2465 
0.06300000000000061,-0.2471 
0.06400000000000006,-0.2477 
0.06500000000000039,-0.2484 
0.06600000000000072,-0.2489 
0.06700000000000017,-0.2496 
0.0680000000000005,-0.2502 
0.06900000000000084,-0.2508 
0.07000000000000028,-0.2515 
0.07100000000000062,-0.2521 
0.07200000000000006,-0.2527 
0.0730000000000004,-0.2533 
0.07400000000000073,-0.2539 
0.07500000000000018,-0.2546 
0.07600000000000051,-0.2552 
0.07700000000000085,-0.2558 
0.07800000000000029,-0.2564 
0.07900000000000063,-0.257 
0.08000000000000007,-0.2576 
0.0810000000000004,-0.2583 
0.08200000000000074,-0.2589 
0.08300000000000018,-0.2595 
0.08400000000000052,-0.2602 
0.08500000000000085,-0.2607 
0.0860000000000003,-0.2614 
0.08700000000000063,-0.262 
0.08800000000000008,-0.2626 
0.08900000000000041,-0.2633 
0.09000000000000075,-0.2639 
0.09100000000000019,-0.2645 
0.09200000000000053,-0.2651 
0.09300000000000086,-0.2657 
0.0940000000000003,-0.2664 
0.09500000000000064,-0.267 
0.09600000000000009,-0.2677 
0.09700000000000042,-0.2682 
0.09800000000000075,-0.2689 
0.0990000000000002,-0.2695 
0.10000000000000053,-0.2701 
0.10100000000000087,-0.2708 
0.10200000000000031,-0.2713 
0.10300000000000065,-0.272 
0.10400000000000009,-0.2726 
0.10500000000000043,-0.2732 
0.10600000000000076,-0.2738 
0.1070000000000002,-0.2745 
0.10800000000000054,-0.2751 
0.10899999999999999,-0.2757 
0.11000000000000032,-0.2763 
0.11100000000000065,-0.2769 
0.1120000000000001,-0.2775 
0.11300000000000043,-0.2781 
0.11400000000000077,-0.2788 
0.11500000000000021,-0.2794 
0.11600000000000055,-0.28 
0.11699999999999999,-0.2806 
0.11800000000000033,-0.2812 
0.11900000000000066,-0.2818 
0.1200000000000001,-0.2825 
0.12100000000000044,-0.2831 
0.12200000000000077,-0.2837 
0.12300000000000022,-0.2843 
0.12400000000000055,-0.2849 
0.125,-0.2855 
0.12600000000000033,-0.2861 
0.12700000000000067,-0.2867 
0.1280000000000001,-0.2873 
0.12900000000000045,-0.288 
0.13000000000000078,-0.2886 
0.13100000000000023,-0.2892 
0.13200000000000056,-0.2898 
0.133,-0.2905 
0.13400000000000034,-0.2911 
0.13500000000000068,-0.2917 
0.13600000000000012,-0.2923 
0.13700000000000045,-0.2929 
0.1380000000000008,-0.2935 
0.13900000000000023,-0.2941 
0.14000000000000057,-0.2947 
0.14100000000000001,-0.2953 
0.14200000000000035,-0.296 
0.14300000000000068,-0.2966 
0.14400000000000013,-0.2972 
0.14500000000000046,-0.2978 
0.1460000000000008,-0.2984 
0.14700000000000024,-0.299 
0.14800000000000058,-0.2996 
0.14900000000000002,-0.3002 
0.15000000000000036,-0.3009 
0.1510000000000007,-0.3015 
0.15200000000000014,-0.3021 
0.15300000000000047,-0.3027 
0.1540000000000008,-0.3033 
0.15500000000000025,-0.3039 
0.15600000000000058,-0.3045 
0.15700000000000003,-0.3051 
0.15800000000000036,-0.3057 
0.1590000000000007,-0.3063 
0.16000000000000014,-0.3069 
0.16100000000000048,-0.3075 
0.1620000000000008,-0.3082 
0.16300000000000026,-0.3087 
0.1640000000000006,-0.3094 
0.16500000000000004,-0.31 
0.16600000000000037,-0.3106 
0.1670000000000007,-0.3112 
0.16800000000000015,-0.3118 
0.16900000000000048,-0.3124 
0.17000000000000082,-0.313 
0.17100000000000026,-0.3136 
0.1720000000000006,-0.3142 
0.17300000000000004,-0.3148 
0.17400000000000038,-0.3154 
0.1750000000000007,-0.316 
0.17600000000000016,-0.3166 
0.1770000000000005,-0.3172 
0.17800000000000082,-0.3178 
0.17900000000000027,-0.3184 
0.1800000000000006,-0.319 
0.18100000000000005,-0.3196 
0.18200000000000038,-0.3202 
0.18300000000000072,-0.3208 
0.18400000000000016,-0.3214 
0.1850000000000005,-0.322 
0.18600000000000083,-0.3226 
0.18700000000000028,-0.3232 
0.1880000000000006,-0.3238 
0.18900000000000006,-0.3244 
0.1900000000000004,-0.325 
0.19100000000000072,-0.3256 
0.19200000000000017,-0.3262 
0.1930000000000005,-0.3268 
0.19400000000000084,-0.3274 
0.19500000000000028,-0.328 
0.19600000000000062,-0.3286 
0.19700000000000006,-0.3292 
0.1980000000000004,-0.3298 
0.19900000000000073,-0.3304 
0.20000000000000018,-0.331 
0.2010000000000005,-0.3316 
0.20200000000000085,-0.3322 
0.2030000000000003,-0.3328 
0.20400000000000063,-0.3334 
0.20500000000000007,-0.3339 
0.2060000000000004,-0.3345 
0.20700000000000074,-0.3351 
0.20800000000000018,-0.3357 
0.20900000000000052,-0.3363 
0.21000000000000085,-0.3369 
0.2110000000000003,-0.3375 
0.21200000000000063,-0.3381 
0.21300000000000008,-0.3387 
0.2140000000000004,-0.3393 
0.21500000000000075,-0.3399 
0.2160000000000002,-0.3405 
0.21700000000000053,-0.3411 
0.21800000000000086,-0.3417 
0.2190000000000003,-0.3423 
0.22000000000000064,-0.3428 
0.22100000000000009,-0.3434 
0.22200000000000042,-0.344 
0.22300000000000075,-0.3446 
0.2240000000000002,-0.3452 
0.22500000000000053,-0.3458 
0.22600000000000087,-0.3464 
0.2270000000000003,-0.347 
0.22800000000000065,-0.3476 
0.2290000000000001,-0.3482 
0.23000000000000043,-0.3488 
0.23100000000000076,-0.3494 
0.2320000000000002,-0.3499 
0.23300000000000054,-0.3505 
0.23399999999999999,-0.3511 
0.23500000000000032,-0.3517 
0.23600000000000065,-0.3523 
0.2370000000000001,-0.3529 
0.23800000000000043,-0.3535 
0.23900000000000077,-0.354 
0.2400000000000002,-0.3546 
0.24100000000000055,-0.3552 
0.242,-0.3558 
0.24300000000000033,-0.3564 
0.24400000000000066,-0.357 
0.2450000000000001,-0.3575 
0.24600000000000044,-0.3581 
0.24700000000000077,-0.3587 
0.24800000000000022,-0.3593 
0.24900000000000055,-0.3598 
0.25,-0.3604 
0.25100000000000033,-0.361 
0.25200000000000067,-0.3616 
0.2530000000000001,-0.3622 
0.25400000000000045,-0.3628 
0.2550000000000008,-0.3633 
0.2560000000000002,-0.3639 
0.25700000000000056,-0.3645 
0.258,-0.3651 
0.25900000000000034,-0.3657 
0.2600000000000007,-0.3662 
0.2610000000000001,-0.3668 
0.26200000000000045,-0.3674 
0.2630000000000008,-0.368 
0.26400000000000023,-0.3686 
0.26500000000000057,-0.3692 
0.266,-0.3698 
0.26700000000000035,-0.3703 
0.2680000000000007,-0.3709 
0.26900000000000013,-0.3715 
0.27000000000000046,-0.3721 
0.2710000000000008,-0.3727 
0.27200000000000024,-0.3732 
0.2730000000000006,-0.3738 
0.274,-0.3743 
0.27500000000000036,-0.3749 
0.2760000000000007,-0.3755 
0.27700000000000014,-0.3761 
0.27800000000000047,-0.3767 
0.2790000000000008,-0.3773 
0.28000000000000025,-0.3778 
0.2810000000000006,-0.3784 
0.28200000000000003,-0.379 
0.28300000000000036,-0.3796 
0.2840000000000007,-0.3802 
0.28500000000000014,-0.3807 
0.2860000000000005,-0.3813 
0.2870000000000008,-0.3819 
0.28800000000000026,-0.3824 
0.2890000000000006,-0.383 
0.29000000000000004,-0.3836 
0.29100000000000037,-0.3842 
0.2920000000000007,-0.3847 
0.29300000000000015,-0.3853 
0.2940000000000005,-0.3859 
0.2950000000000008,-0.3865 
0.29600000000000026,-0.387 
0.2970000000000006,-0.3876 
0.29800000000000004,-0.3882 
0.2990000000000004,-0.3887 
0.3000000000000007,-0.3893 
0.30100000000000016,-0.3899 
0.3020000000000005,-0.3904 
0.3030000000000008,-0.391 
0.30400000000000027,-0.3916 
0.3050000000000006,-0.3922 
0.30600000000000005,-0.3927 
0.3070000000000004,-0.3933 
0.3080000000000007,-0.3939 
0.30900000000000016,-0.3944 
0.3100000000000005,-0.395 
0.31100000000000083,-0.3956 
0.3120000000000003,-0.3961 
0.3130000000000006,-0.3967 
0.31400000000000006,-0.3973 
0.3150000000000004,-0.3978 
0.3160000000000007,-0.3984 
0.31700000000000017,-0.399 
0.3180000000000005,-0.3995 
0.31900000000000084,-0.4001 
0.3200000000000003,-0.4006 
0.3210000000000006,-0.4012 
0.32200000000000006,-0.4017 
0.3230000000000004,-0.4023 
0.32400000000000073,-0.4029 
0.3250000000000002,-0.4034 
0.3260000000000005,-0.404 
0.32700000000000085,-0.4046 
0.3280000000000003,-0.4052 
0.3290000000000006,-0.4057 
0.33000000000000007,-0.4063 
0.3310000000000004,-0.4069 
0.33200000000000074,-0.4074 
0.3330000000000002,-0.408 
0.3340000000000005,-0.4085 
0.33500000000000085,-0.4091 
0.3360000000000003,-0.4097 
0.33700000000000063,-0.4102 
0.3380000000000001,-0.4108 
0.3390000000000004,-0.4114 
0.34000000000000075,-0.412 
0.3410000000000002,-0.4125 
0.3420000000000005,-0.413 
0.34300000000000086,-0.4136 
0.3440000000000003,-0.4141 
0.34500000000000064,-0.4148 
0.3460000000000001,-0.4153 
0.3470000000000004,-0.4158 
0.34800000000000075,-0.4164 
0.3490000000000002,-0.4169 
0.35000000000000053,-0.4175 
0.35100000000000087,-0.4181 
0.3520000000000003,-0.4187 
0.35300000000000065,-0.4192 
0.3540000000000001,-0.4198 
0.3550000000000004,-0.4203 
0.35600000000000076,-0.4209 
0.3570000000000002,-0.4214 
0.35800000000000054,-0.422 
0.359,-0.4226 
0.3600000000000003,-0.4231 
0.36100000000000065,-0.4237 
0.3620000000000001,-0.4242 
0.36300000000000043,-0.4248 
0.36400000000000077,-0.4254 
0.3650000000000002,-0.4259 
0.36600000000000055,-0.4265 
0.367,-0.427 
0.3680000000000003,-0.4275 
0.36900000000000066,-0.4281 
0.3700000000000001,-0.4287 
0.37100000000000044,-0.4292 
0.3720000000000008,-0.4298 
0.3730000000000002,-0.4304 
0.37400000000000055,-0.4309 
0.375,-0.4315 
0.37600000000000033,-0.432 
0.37700000000000067,-0.4325 
0.3780000000000001,-0.4331 
0.37900000000000045,-0.4336 
0.3800000000000008,-0.4342 
0.3810000000000002,-0.4347 
0.38200000000000056,-0.4353 
0.383,-0.4358 
0.38400000000000034,-0.4364 
0.3850000000000007,-0.437 
0.3860000000000001,-0.4375 
0.38700000000000045,-0.438 
0.3880000000000008,-0.4386 
0.38900000000000023,-0.4391 
0.39000000000000057,-0.4397 
0.391,-0.4402 
0.39200000000000035,-0.4408 
0.3930000000000007,-0.4413 
0.39400000000000013,-0.4419 
0.39500000000000046,-0.4424 
0.3960000000000008,-0.4429 
0.39700000000000024,-0.4435 
0.3980000000000006,-0.4441 
0.399,-0.4446 
0.40000000000000036,-0.4452 
0.4010000000000007,-0.4457 
0.40200000000000014,-0.4462 
0.40300000000000047,-0.4468 
0.4040000000000008,-0.4473 
0.40500000000000025,-0.4479 
0.4060000000000006,-0.4485 
0.40700000000000003,-0.449 
0.40800000000000036,-0.4495 
0.4090000000000007,-0.4501 
0.41000000000000014,-0.4506 
0.4110000000000005,-0.4512 
0.4120000000000008,-0.4517 
0.41300000000000026,-0.4523 
0.4140000000000006,-0.4528 
0.41500000000000004,-0.4533 
0.41600000000000037,-0.4539 
0.4170000000000007,-0.4545 
0.41800000000000015,-0.455 
0.4190000000000005,-0.4555 
0.4200000000000008,-0.4561 
0.42100000000000026,-0.4566 
0.4220000000000006,-0.4572 
0.42300000000000004,-0.4577 
0.4240000000000004,-0.4582 
0.4250000000000007,-0.4588 
0.42600000000000016,-0.4593 
0.4270000000000005,-0.4599 
0.4280000000000008,-0.4604 
0.42900000000000027,-0.4609 
0.4300000000000006,-0.4615 
0.43100000000000005,-0.462 
0.4320000000000004,-0.4626 
0.4330000000000007,-0.4631 
0.43400000000000016,-0.4637 
0.4350000000000005,-0.4642 
0.43600000000000083,-0.4647 
0.4370000000000003,-0.4652 
0.4380000000000006,-0.4658 
0.43900000000000006,-0.4664 
0.4400000000000004,-0.4669 
0.4410000000000007,-0.4675 
0.44200000000000017,-0.468 
0.4430000000000005,-0.4685 
0.44400000000000084,-0.4691 
0.4450000000000003,-0.4696 
0.4460000000000006,-0.4701 
0.44700000000000006,-0.4707 
0.4480000000000004,-0.4711 
0.44900000000000073,-0.4717 
0.4500000000000002,-0.4723 
0.4510000000000005,-0.4728 
0.45200000000000085,-0.4733 
0.4530000000000003,-0.4739 
0.4540000000000006,-0.4744 
0.45500000000000007,-0.4749 
0.4560000000000004,-0.4755 
0.45700000000000074,-0.476 
0.4580000000000002,-0.4765 
0.4590000000000005,-0.4771 
0.46000000000000085,-0.4776 
0.4610000000000003,-0.4781 
0.46200000000000063,-0.4786 
0.4630000000000001,-0.4792 
0.4640000000000004,-0.4797 
0.46500000000000075,-0.4803 
0.4660000000000002,-0.4808 
0.4670000000000005,-0.4813 
0.46800000000000086,-0.4818 
0.4690000000000003,-0.4824 
0.47000000000000064,-0.4829 
0.4710000000000001,-0.4834 
0.4720000000000004,-0.484 
0.47300000000000075,-0.4845 
0.4740000000000002,-0.485 
0.47500000000000053,-0.4856 
0.47600000000000087,-0.4861 
0.4770000000000003,-0.4866 
0.47800000000000065,-0.4872 
0.4790000000000001,-0.4877 
0.4800000000000004,-0.4882 
0.48100000000000076,-0.4888 
0.4820000000000002,-0.4893 
0.48300000000000054,-0.4898 
0.484,-0.4903 
0.4850000000000003,-0.4909 
0.48600000000000065,-0.4914 
0.4870000000000001,-0.4919 
0.48800000000000043,-0.4925 
0.48900000000000077,-0.493 
0.4900000000000002,-0.4935 
0.49100000000000055,-0.494 
0.492,-0.4945 
0.4930000000000003,-0.4951 
0.49400000000000066,-0.4956 
0.4950000000000001,-0.4961 
0.49600000000000044,-0.4967 
0.4970000000000008,-0.4972 
0.4980000000000002,-0.4977 
0.49900000000000055,-0.4982 
0.5,-0.4988 
0.5010000000000003,-0.4993 
0.5020000000000007,-0.4998 
0.5030000000000001,-0.5003 
0.5040000000000004,-0.5008 
0.5050000000000008,-0.5014 
0.5060000000000002,-0.5019 
0.5070000000000006,-0.5024 
0.508,-0.5029 
0.5090000000000003,-0.5035 
0.5100000000000007,-0.504 
0.5110000000000001,-0.5045 
0.5120000000000005,-0.5051 
0.5130000000000008,-0.5056 
0.5140000000000002,-0.5061 
0.5150000000000006,-0.5066 
0.516,-0.5071 
0.5170000000000003,-0.5077 
0.5180000000000007,-0.5082 
0.5190000000000001,-0.5087 
0.5200000000000005,-0.5092 
0.5210000000000008,-0.5098 
0.5220000000000002,-0.5103 
0.5230000000000006,-0.5108 
0.524,-0.5113 
0.5250000000000004,-0.5118 
0.5260000000000007,-0.5124 
0.5270000000000001,-0.5128 
0.5280000000000005,-0.5134 
0.5290000000000008,-0.5139 
0.5300000000000002,-0.5144 
0.5310000000000006,-0.5149 
0.532,-0.5154 
0.5330000000000004,-0.516 
0.5340000000000007,-0.5165 
0.5350000000000001,-0.517 
0.5360000000000005,-0.5175 
0.5370000000000008,-0.518 
0.5380000000000003,-0.5185 
0.5390000000000006,-0.5191 
0.54,-0.5196 
0.5410000000000004,-0.5201 
0.5420000000000007,-0.5206 
0.5430000000000001,-0.5211 
0.5440000000000005,-0.5216 
0.5450000000000008,-0.5221 
0.5460000000000003,-0.5226 
0.5470000000000006,-0.5232 
0.548,-0.5237 
0.5490000000000004,-0.5242 
0.5500000000000007,-0.5247 
0.5510000000000002,-0.5252 
0.5520000000000005,-0.5258 
0.5530000000000008,-0.5263 
0.5540000000000003,-0.5268 
0.5550000000000006,-0.5273 
0.556,-0.5278 
0.5570000000000004,-0.5284 
0.5580000000000007,-0.5288 
0.5590000000000002,-0.5294 
0.5600000000000005,-0.5299 
0.5610000000000008,-0.5304 
0.5620000000000003,-0.5309 
0.5630000000000006,-0.5314 
0.5640000000000001,-0.5319 
0.5650000000000004,-0.5324 
0.5660000000000007,-0.533 
0.5670000000000002,-0.5335 
0.5680000000000005,-0.534 
0.5690000000000008,-0.5345 
0.5700000000000003,-0.535 
0.5710000000000006,-0.5355 
0.5720000000000001,-0.536 
0.5730000000000004,-0.5365 
0.5740000000000007,-0.537 
0.5750000000000002,-0.5376 
0.5760000000000005,-0.5381 
0.5770000000000008,-0.5386 
0.5780000000000003,-0.5391 
0.5790000000000006,-0.5396 
0.5800000000000001,-0.5401 
0.5810000000000004,-0.5406 
0.5820000000000007,-0.5411 
0.5830000000000002,-0.5416 
0.5840000000000005,-0.5421 
0.5850000000000009,-0.5426 
0.5860000000000003,-0.5431 
0.5870000000000006,-0.5437 
0.5880000000000001,-0.5442 
0.5890000000000004,-0.5447 
0.5900000000000007,-0.5452 
0.5910000000000002,-0.5457 
0.5920000000000005,-0.5462 
0.5930000000000009,-0.5467 
0.5940000000000003,-0.5472 
0.5950000000000006,-0.5477 
0.5960000000000001,-0.5483 
0.5970000000000004,-0.5488 
0.5980000000000008,-0.5493 
0.5990000000000002,-0.5498 
0.6000000000000005,-0.5503 
0.6010000000000009,-0.5508 
0.6020000000000003,-0.5513 
0.6030000000000006,-0.5518 
0.6040000000000001,-0.5523 
0.6050000000000004,-0.5528 
0.6060000000000008,-0.5533 
0.6070000000000002,-0.5538 
0.6080000000000005,-0.5543 
0.609,-0.5548 
0.6100000000000003,-0.5553 
0.6110000000000007,-0.5558 
0.6120000000000001,-0.5563 
0.6130000000000004,-0.5568 
0.6140000000000008,-0.5573 
0.6150000000000002,-0.5578 
0.6160000000000005,-0.5583 
0.617,-0.5588 
0.6180000000000003,-0.5593 
0.6190000000000007,-0.5598 
0.6200000000000001,-0.5603 
0.6210000000000004,-0.5608 
0.6220000000000008,-0.5613 
0.6230000000000002,-0.5618 
0.6240000000000006,-0.5623 
0.625,-0.5628 
0.6260000000000003,-0.5633 
0.6270000000000007,-0.5639 
0.6280000000000001,-0.5643 
0.6290000000000004,-0.5649 
0.6300000000000008,-0.5654 
0.6310000000000002,-0.5658 
0.6320000000000006,-0.5664 
0.633,-0.5668 
0.6340000000000003,-0.5674 
0.6350000000000007,-0.5679 
0.6360000000000001,-0.5684 
0.6370000000000005,-0.5689 
0.6380000000000008,-0.5693 
0.6390000000000002,-0.5698 
0.6400000000000006,-0.5704 
0.641,-0.5709 
0.6420000000000003,-0.5713 
0.6430000000000007,-0.5719 
0.6440000000000001,-0.5723 
0.6450000000000005,-0.5729 
0.6460000000000008,-0.5734 
0.6470000000000002,-0.5738 
0.6480000000000006,-0.5744 
0.649,-0.5748 
0.6500000000000004,-0.5753 
0.6510000000000007,-0.5758 
0.6520000000000001,-0.5763 
0.6530000000000005,-0.5768 
0.6540000000000008,-0.5773 
0.6550000000000002,-0.5778 
0.6560000000000006,-0.5783 
0.657,-0.5788 
0.6580000000000004,-0.5793 
0.6590000000000007,-0.5798 
0.6600000000000001,-0.5803 
0.6610000000000005,-0.5808 
0.6620000000000008,-0.5813 
0.6630000000000003,-0.5818 
0.6640000000000006,-0.5823 
0.665,-0.5828 
0.6660000000000004,-0.5833 
0.6670000000000007,-0.5838 
0.6680000000000001,-0.5843 
0.6690000000000005,-0.5848 
0.6700000000000008,-0.5853 
0.6710000000000003,-0.5858 
0.6720000000000006,-0.5862 
0.673,-0.5867 
0.6740000000000004,-0.5873 
0.6750000000000007,-0.5877 
0.6760000000000002,-0.5883 
0.6770000000000005,-0.5887 
0.6780000000000008,-0.5892 
0.6790000000000003,-0.5897 
0.6800000000000006,-0.5902 
0.681,-0.5907 
0.6820000000000004,-0.5912 
0.6830000000000007,-0.5917 
0.6840000000000002,-0.5922 
0.6850000000000005,-0.5926 
0.6860000000000008,-0.5931 
0.6870000000000003,-0.5936 
0.6880000000000006,-0.5941 
0.6890000000000001,-0.5946 
0.6900000000000004,-0.5951 
0.6910000000000007,-0.5956 
0.6920000000000002,-0.5961 
0.6930000000000005,-0.5966 
0.6940000000000008,-0.597 
0.6950000000000003,-0.5976 
0.6960000000000006,-0.598 
0.6970000000000001,-0.5985 
0.6980000000000004,-0.599 
0.6990000000000007,-0.5995 
0.7000000000000002,-0.6 
0.7010000000000005,-0.6005 
0.7020000000000008,-0.601 
0.7030000000000003,-0.6014 
0.7040000000000006,-0.6019 
0.7050000000000001,-0.6024 
0.7060000000000004,-0.6029 
0.7070000000000007,-0.6034 
0.7080000000000002,-0.6039 
0.7090000000000005,-0.6044 
0.7100000000000009,-0.6049 
0.7110000000000003,-0.6054 
0.7120000000000006,-0.6058 
0.7130000000000001,-0.6063 
0.7140000000000004,-0.6068 
0.7150000000000007,-0.6073 
0.7160000000000002,-0.6078 
0.7170000000000005,-0.6083 
0.7180000000000009,-0.6087 
0.7190000000000003,-0.6092 
0.7200000000000006,-0.6097 
0.7210000000000001,-0.6102 
0.7220000000000004,-0.6107 
0.7230000000000008,-0.6112 
0.7240000000000002,-0.6117 
0.7250000000000005,-0.6122 
0.7260000000000009,-0.6126 
0.7270000000000003,-0.6131 
0.7280000000000006,-0.6136 
0.7290000000000001,-0.6141 
0.7300000000000004,-0.6146 
0.7310000000000008,-0.6151 
0.7320000000000002,-0.6155 
0.7330000000000005,-0.616 
0.734,-0.6165 
0.7350000000000003,-0.617 
0.7360000000000007,-0.6175 
0.7370000000000001,-0.618 
0.7380000000000004,-0.6184 
0.7390000000000008,-0.6189 
0.7400000000000002,-0.6195 
0.7410000000000005,-0.6199 
0.742,-0.6204 
0.7430000000000003,-0.6208 
0.7440000000000007,-0.6213 
0.7450000000000001,-0.6218 
0.7460000000000004,-0.6223 
0.7470000000000008,-0.6228 
0.7480000000000002,-0.6233 
0.7490000000000006,-0.6238 
0.75,-0.6242 
0.7510000000000003,-0.6247 
0.7520000000000007,-0.6252 
0.7530000000000001,-0.6256 
0.7540000000000004,-0.6262 
0.7550000000000008,-0.6266 
0.7560000000000002,-0.6271 
0.7570000000000006,-0.6276 
0.758,-0.6281 
0.7590000000000003,-0.6286 
0.7600000000000007,-0.629 
0.7610000000000001,-0.6295 
0.7620000000000005,-0.63 
0.7630000000000008,-0.6305 
0.7640000000000002,-0.6309 
0.7650000000000006,-0.6314 
0.766,-0.6319 
0.7670000000000003,-0.6324 
0.7680000000000007,-0.6329 
0.7690000000000001,-0.6333 
0.7700000000000005,-0.6338 
0.7710000000000008,-0.6343 
0.7720000000000002,-0.6347 
0.7730000000000006,-0.6352 
0.774,-0.6357 
0.7750000000000004,-0.6362 
0.7760000000000007,-0.6367 
0.7770000000000001,-0.6371 
0.7780000000000005,-0.6376 
0.7790000000000008,-0.6381 
0.7800000000000002,-0.6385 
0.7810000000000006,-0.639 
0.782,-0.6395 
0.7830000000000004,-0.64 
0.7840000000000007,-0.6404 
0.7850000000000001,-0.6409 
0.7860000000000005,-0.6414 
0.7870000000000008,-0.6419 
0.7880000000000003,-0.6423 
0.7890000000000006,-0.6429 
0.79,-0.6433 
0.7910000000000004,-0.6438 
0.7920000000000007,-0.6442 
0.7930000000000001,-0.6447 
0.7940000000000005,-0.6452 
0.7950000000000008,-0.6457 
0.7960000000000003,-0.6462 
0.7970000000000006,-0.6466 
0.798,-0.6471 
0.7990000000000004,-0.6476 
0.8000000000000007,-0.648 
0.8010000000000002,-0.6485 
0.8020000000000005,-0.649 
0.8030000000000008,-0.6495 
0.8040000000000003,-0.6499 
0.8050000000000006,-0.6504 
0.806,-0.6509 
0.8070000000000004,-0.6513 
0.8080000000000007,-0.6518 
0.8090000000000002,-0.6523 
0.8100000000000005,-0.6528 
0.8110000000000008,-0.6532 
0.8120000000000003,-0.6537 
0.8130000000000006,-0.6542 
0.8140000000000001,-0.6546 
0.8150000000000004,-0.6552 
0.8160000000000007,-0.6556 
0.8170000000000002,-0.6561 
0.8180000000000005,-0.6565 
0.8190000000000008,-0.657 
0.8200000000000003,-0.6575 
0.8210000000000006,-0.6579 
0.8220000000000001,-0.6584 
0.8230000000000004,-0.6588 
0.8240000000000007,-0.6593 
0.8250000000000002,-0.6598 
0.8260000000000005,-0.6602 
0.8270000000000008,-0.6607 
0.8280000000000003,-0.6612 
0.8290000000000006,-0.6617 
0.8300000000000001,-0.6621 
0.8310000000000004,-0.6626 
0.8320000000000007,-0.6631 
0.8330000000000002,-0.6636 
0.8340000000000005,-0.6641 
0.8350000000000009,-0.6645 
0.8360000000000003,-0.665 
0.8370000000000006,-0.6654 
0.8380000000000001,-0.6659 
0.8390000000000004,-0.6664 
0.8400000000000007,-0.6668 
0.8410000000000002,-0.6673 
0.8420000000000005,-0.6678 
0.8430000000000009,-0.6682 
0.8440000000000003,-0.6687 
0.8450000000000006,-0.6692 
0.8460000000000001,-0.6696 
0.8470000000000004,-0.6701 
0.8480000000000008,-0.6706 
0.8490000000000002,-0.671 
0.8500000000000005,-0.6715 
0.8510000000000009,-0.6719 
0.8520000000000003,-0.6724 
0.8530000000000006,-0.6728 
0.8540000000000001,-0.6733 
0.8550000000000004,-0.6738 
0.8560000000000008,-0.6743 
0.8570000000000002,-0.6747 
0.8580000000000005,-0.6752 
0.859,-0.6756 
0.8600000000000003,-0.6761 
0.8610000000000007,-0.6766 
0.8620000000000001,-0.677 
0.8630000000000004,-0.6775 
0.8640000000000008,-0.6779 
0.8650000000000002,-0.6784 
0.8660000000000005,-0.6789 
0.867,-0.6793 
0.8680000000000003,-0.6798 
0.8690000000000007,-0.6803 
0.8700000000000001,-0.6807 
0.8710000000000004,-0.6812 
0.8720000000000008,-0.6817 
0.8730000000000002,-0.6821 
0.8740000000000006,-0.6826 
0.875,-0.683 
0.8760000000000003,-0.6836 
0.8770000000000007,-0.684 
0.8780000000000001,-0.6844 
0.8790000000000004,-0.6849 
0.8800000000000008,-0.6854 
0.8810000000000002,-0.6858 
0.8820000000000006,-0.6863 
0.883,-0.6868 
0.8840000000000003,-0.6872 
0.8850000000000007,-0.6876 
0.8860000000000001,-0.6881 
0.8870000000000005,-0.6886 
0.8880000000000008,-0.689 
0.8890000000000002,-0.6895 
0.8900000000000006,-0.69 
0.891,-0.6904 
0.8920000000000003,-0.6909 
0.8930000000000007,-0.6913 
0.8940000000000001,-0.6918 
0.8950000000000005,-0.6923 
0.8960000000000008,-0.6927 
0.8970000000000002,-0.6932 
0.8980000000000006,-0.6936 
0.899,-0.6941 
0.9000000000000004,-0.6945 
0.9010000000000007,-0.695 
0.9020000000000001,-0.6955 
0.9030000000000005,-0.6959 
0.9040000000000008,-0.6964 
0.9050000000000002,-0.6968 
0.9060000000000006,-0.6973 
0.907,-0.6977 
0.9080000000000004,-0.6982 
0.9090000000000007,-0.6987 
0.9100000000000001,-0.6991 
0.9110000000000005,-0.6996 
0.9120000000000008,-0.7 
0.9130000000000003,-0.7005 
0.9140000000000006,-0.701 
0.915,-0.7014 
0.9160000000000004,-0.7019 
0.9170000000000007,-0.7023 
0.9180000000000001,-0.7028 
0.9190000000000005,-0.7032 
0.9200000000000008,-0.7037 
0.9210000000000003,-0.7041 
0.9220000000000006,-0.7046 
0.923,-0.7051 
0.9240000000000004,-0.7055 
0.9250000000000007,-0.706 
0.9260000000000002,-0.7064 
0.9270000000000005,-0.7068 
0.9280000000000008,-0.7073 
0.9290000000000003,-0.7078 
0.9300000000000006,-0.7082 
0.931,-0.7087 
0.9320000000000004,-0.7091 
0.9330000000000007,-0.7096 
0.9340000000000002,-0.71 
0.9350000000000005,-0.7105 
0.9360000000000008,-0.7109 
0.9370000000000003,-0.7114 
0.9380000000000006,-0.7118 
0.9390000000000001,-0.7123 
0.9400000000000004,-0.7127 
0.9410000000000007,-0.7132 
0.9420000000000002,-0.7136 
0.9430000000000005,-0.7141 
0.9440000000000008,-0.7145 
0.9450000000000003,-0.715 
0.9460000000000006,-0.7154 
0.9470000000000001,-0.7159 
0.9480000000000004,-0.7163 
0.9490000000000007,-0.7168 
0.9500000000000002,-0.7172 
0.9510000000000005,-0.7177 
0.9520000000000008,-0.7181 
0.9530000000000003,-0.7186 
0.9540000000000006,-0.719 
0.9550000000000001,-0.7195 
0.9560000000000004,-0.72 
0.9570000000000007,-0.7204 
0.9580000000000002,-0.7209 
0.9590000000000005,-0.7213 
0.9600000000000009,-0.7218 
0.9610000000000003,-0.7222 
0.9620000000000006,-0.7227 
0.9630000000000001,-0.7231 
0.9640000000000004,-0.7235 
0.9650000000000007,-0.724 
0.9660000000000002,-0.7245 
0.9670000000000005,-0.7249 
0.9680000000000009,-0.7253 
0.9690000000000003,-0.7258 
0.9700000000000006,-0.7262 
0.9710000000000001,-0.7267 
0.9720000000000004,-0.7271 
0.9730000000000008,-0.7276 
0.9740000000000002,-0.728 
0.9750000000000005,-0.7285 
0.9760000000000009,-0.7289 
0.9770000000000003,-0.7294 
0.9780000000000006,-0.7298 
0.9790000000000001,-0.7303 
0.9800000000000004,-0.7307 
0.9810000000000008,-0.7312 
0.9820000000000002,-0.7317 
0.9830000000000005,-0.732 
0.984,-0.7325 
0.9850000000000003,-0.733 
0.9860000000000007,-0.7334 
0.9870000000000001,-0.7338 
0.9880000000000004,-0.7343 
0.9890000000000008,-0.7348 
0.9900000000000002,-0.7352 
0.9910000000000005,-0.7357 
0.992,-0.7361 
0.9930000000000003,-0.7365 
0.9940000000000007,-0.737 
0.9950000000000001,-0.7374 
0.9960000000000004,-0.7379 
0.9970000000000008,-0.7383 
0.9980000000000002,-0.7388 
0.9990000000000006,-0.7392 
1.0,-0.7397 
1.0010000000000003,-0.7401 
1.0020000000000007,-0.7405 
1.0030000000000001,-0.741 
1.0040000000000004,-0.7415 
1.0050000000000008,-0.7419 
1.0060000000000002,-0.7423 
1.0070000000000006,-0.7428 
1.008,-0.7432 
1.0090000000000003,-0.7437 
1.0100000000000007,-0.7441 
1.0110000000000001,-0.7446 
1.0120000000000005,-0.745 
1.0130000000000008,-0.7454 
1.0140000000000002,-0.7459 
1.0150000000000006,-0.7463 
1.016,-0.7468 
1.0170000000000003,-0.7472 
1.0180000000000007,-0.7476 
1.0190000000000001,-0.7481 
1.0200000000000005,-0.7485 
1.0210000000000008,-0.749 
1.0220000000000002,-0.7494 
1.0230000000000006,-0.7499 
1.024,-0.7503 
1.0250000000000004,-0.7507 
1.0260000000000007,-0.7511 
1.0270000000000001,-0.7516 
1.0280000000000005,-0.7521 
1.0290000000000008,-0.7525 
1.0300000000000002,-0.7529 
1.0310000000000006,-0.7534 
1.032,-0.7538 
1.0330000000000004,-0.7542 
1.0340000000000007,-0.7547 
1.0350000000000001,-0.7551 
1.0360000000000005,-0.7556 
1.0370000000000008,-0.756 
1.0380000000000003,-0.7565 
1.0390000000000006,-0.7569 
1.04,-0.7573 
1.0410000000000004,-0.7578 
1.0420000000000007,-0.7582 
1.0430000000000001,-0.7587 
1.0440000000000005,-0.7591 
1.0450000000000008,-0.7595 
1.0460000000000003,-0.76 
1.0470000000000006,-0.7604 
1.048,-0.7608 
1.0490000000000004,-0.7613 
1.0500000000000007,-0.7618 
1.0510000000000002,-0.7622 
1.0520000000000005,-0.7626 
1.0530000000000008,-0.763 
1.0540000000000003,-0.7635 
1.0550000000000006,-0.7639 
1.056,-0.7644 
1.0570000000000004,-0.7648 
1.0580000000000007,-0.7652 
1.0590000000000002,-0.7657 
1.0600000000000005,-0.7661 
1.0610000000000008,-0.7666 
1.0620000000000003,-0.767 
1.0630000000000006,-0.7674 
1.064,-0.7679 
1.0650000000000004,-0.7683 
1.0660000000000007,-0.7687 
1.0670000000000002,-0.7692 
1.0680000000000005,-0.7696 
1.0690000000000008,-0.7701 
1.0700000000000003,-0.7705 
1.0710000000000006,-0.7709 
1.072,-0.7714 
1.0730000000000004,-0.7718 
1.0740000000000007,-0.7722 
1.0750000000000002,-0.7727 
1.0760000000000005,-0.7731 
1.0770000000000008,-0.7736 
1.0780000000000003,-0.774 
1.0790000000000006,-0.7744 
1.08,-0.7748 
1.0810000000000004,-0.7753 
1.0820000000000007,-0.7757 
1.0830000000000002,-0.7762 
1.0840000000000005,-0.7766 
1.0850000000000009,-0.777 
1.0860000000000003,-0.7775 
1.0870000000000006,-0.7779 
1.088,-0.7784 
1.0890000000000004,-0.7788 
1.0900000000000007,-0.7792 
1.0910000000000002,-0.7796 
1.0920000000000005,-0.7801 
1.0930000000000009,-0.7805 
1.0940000000000003,-0.781 
1.0950000000000006,-0.7813 
1.096,-0.7818 
1.0970000000000004,-0.7823 
1.0980000000000008,-0.7827 
1.0990000000000002,-0.7831 
1.1000000000000005,-0.7836 
1.1010000000000009,-0.784 
1.1020000000000003,-0.7844 
1.1030000000000006,-0.7848 
1.104,-0.7853 
1.1050000000000004,-0.7857 
1.1060000000000008,-0.7861 
1.1070000000000002,-0.7866 
1.1080000000000005,-0.787 
1.109,-0.7875 
1.1100000000000003,-0.7879 
1.1110000000000007,-0.7884 
1.112,-0.7887 
1.1130000000000004,-0.7892 
1.1140000000000008,-0.7896 
1.1150000000000002,-0.79 
1.1160000000000005,-0.7905 
1.117,-0.7909 
1.1180000000000003,-0.7913 
1.1190000000000007,-0.7917 
1.12,-0.7922 
1.1210000000000004,-0.7926 
1.1220000000000008,-0.793 
1.1230000000000002,-0.7935 
1.1240000000000006,-0.7939 
1.125,-0.7943 
1.1260000000000003,-0.7947 
1.1270000000000007,-0.7952 
1.1280000000000001,-0.7956 
1.1290000000000004,-0.796 
1.1300000000000008,-0.7965 
1.1310000000000002,-0.7969 
1.1320000000000006,-0.7973 
1.133,-0.7977 
1.1340000000000003,-0.7981 
1.1350000000000007,-0.7987 
1.1360000000000001,-0.799 
1.1370000000000005,-0.7995 
1.1380000000000008,-0.7999 
1.1390000000000002,-0.8003 
1.1400000000000006,-0.8008 
1.141,-0.8012 
1.1420000000000003,-0.8016 
1.1430000000000007,-0.802 
1.1440000000000001,-0.8025 
1.1450000000000005,-0.8029 
1.1460000000000008,-0.8033 
1.1470000000000002,-0.8038 
1.1480000000000006,-0.8042 
1.149,-0.8046 
1.1500000000000004,-0.805 
1.1510000000000007,-0.8055 
1.1520000000000001,-0.8059 
1.1530000000000005,-0.8063 
1.1540000000000008,-0.8068 
1.1550000000000002,-0.8072 
1.1560000000000006,-0.8076 
1.157,-0.808 
1.1580000000000004,-0.8085 
1.1590000000000007,-0.8089 
1.1600000000000001,-0.8093 
1.1610000000000005,-0.8097 
1.1620000000000008,-0.8102 
1.1630000000000003,-0.8106 
1.1640000000000006,-0.8111 
1.165,-0.8115 
1.1660000000000004,-0.8119 
1.1670000000000007,-0.8123 
1.1680000000000001,-0.8127 
1.1690000000000005,-0.8132 
1.1700000000000008,-0.8136 
1.1710000000000003,-0.814 
1.1720000000000006,-0.8144 
1.173,-0.8148 
1.1740000000000004,-0.8153 
1.1750000000000007,-0.8157 
1.1760000000000002,-0.8161 
1.1770000000000005,-0.8166 
1.1780000000000008,-0.817 
1.1790000000000003,-0.8174 
1.1800000000000006,-0.8178 
1.181,-0.8183 
1.1820000000000004,-0.8187 
1.1830000000000007,-0.8191 
1.1840000000000002,-0.8196 
1.1850000000000005,-0.82 
1.1860000000000008,-0.8204 
1.1870000000000003,-0.8208 
1.1880000000000006,-0.8213 
1.189,-0.8217 
1.1900000000000004,-0.8221 
1.1910000000000007,-0.8225 
1.1920000000000002,-0.8229 
1.1930000000000005,-0.8234 
1.1940000000000008,-0.8238 
1.1950000000000003,-0.8242 
1.1960000000000006,-0.8246 
1.197,-0.8251 
1.1980000000000004,-0.8255 
1.1990000000000007,-0.8259 
1.2000000000000002,-0.8263 
1.2010000000000005,-0.8267 
1.2020000000000008,-0.8271 
1.2030000000000003,-0.8276 
1.2040000000000006,-0.828 
1.205,-0.8284 
1.2060000000000004,-0.8288 
1.2070000000000007,-0.8292 
1.2080000000000002,-0.8297 
1.2090000000000005,-0.8301 
1.2100000000000009,-0.8305 
1.2110000000000003,-0.8309 
1.2120000000000006,-0.8314 
1.213,-0.8318 
1.2140000000000004,-0.8322 
1.2150000000000007,-0.8326 
1.2160000000000002,-0.833 
1.2170000000000005,-0.8335 
1.2180000000000009,-0.8338 
1.2190000000000003,-0.8343 
1.2200000000000006,-0.8347 
1.221,-0.8351 
1.2220000000000004,-0.8355 
1.2230000000000008,-0.8359 
1.2240000000000002,-0.8364 
1.2250000000000005,-0.8368 
1.2260000000000009,-0.8372 
1.2270000000000003,-0.8376 
1.2280000000000006,-0.838 
1.229,-0.8385 
1.2300000000000004,-0.8389 
1.2310000000000008,-0.8393 
1.2320000000000002,-0.8397 
1.2330000000000005,-0.8402 
1.234,-0.8406 
1.2350000000000003,-0.841 
1.2360000000000007,-0.8415 
1.237,-0.8419 
1.2380000000000004,-0.8423 
1.2390000000000008,-0.8427 
1.2400000000000002,-0.8431 
1.2410000000000005,-0.8435 
1.242,-0.8439 
1.2430000000000003,-0.8444 
1.2440000000000007,-0.8448 
1.245,-0.8452 
1.2460000000000004,-0.8456 
1.2470000000000008,-0.846 
1.2480000000000002,-0.8465 
1.2490000000000006,-0.8469 
1.25,-0.8473 
1.2510000000000003,-0.8477 
1.2520000000000007,-0.8481 
1.2530000000000001,-0.8485 
1.2540000000000004,-0.849 
1.2550000000000008,-0.8494 
1.2560000000000002,-0.8498 
1.2570000000000006,-0.8502 
1.258,-0.8507 
1.2590000000000003,-0.8511 
1.2600000000000007,-0.8515 
1.2610000000000001,-0.8519 
1.2620000000000005,-0.8523 
1.2630000000000008,-0.8527 
1.2640000000000002,-0.8532 
1.2650000000000006,-0.8535 
1.266,-0.8539 
1.2670000000000003,-0.8543 
1.2680000000000007,-0.8548 
1.2690000000000001,-0.8552 
1.2700000000000005,-0.8556 
1.2710000000000008,-0.856 
1.2720000000000002,-0.8564 
1.2730000000000006,-0.8569 
1.274,-0.8573 
1.2750000000000004,-0.8577 
1.2760000000000007,-0.8582 
1.2770000000000001,-0.8585 
1.2780000000000005,-0.859 
1.2790000000000008,-0.8594 
1.2800000000000002,-0.8598 
1.2810000000000006,-0.8602 
1.282,-0.8606 
1.2830000000000004,-0.861 
1.2840000000000007,-0.8614 
1.2850000000000001,-0.8619 
1.2860000000000005,-0.8623 
1.2870000000000008,-0.8627 
1.2880000000000003,-0.8631 
1.2890000000000006,-0.8635 
1.29,-0.864 
1.2910000000000004,-0.8643 
1.2920000000000007,-0.8648 
1.2930000000000001,-0.8651 
1.2940000000000005,-0.8656 
1.2950000000000008,-0.866 
1.2960000000000003,-0.8664 
1.2970000000000006,-0.8668 
1.298,-0.8672 
1.2990000000000004,-0.8677 
1.3000000000000007,-0.8681 
1.3010000000000002,-0.8685 
1.3020000000000005,-0.8688 
1.3030000000000008,-0.8693 
1.3040000000000003,-0.8697 
1.3050000000000006,-0.8701 
1.306,-0.8705 
1.3070000000000004,-0.8709 
1.3080000000000007,-0.8713 
1.3090000000000002,-0.8717 
1.3100000000000005,-0.8722 
1.3110000000000008,-0.8726 
1.3120000000000003,-0.8729 
1.3130000000000006,-0.8734 
1.314,-0.8738 
1.3150000000000004,-0.8742 
1.3160000000000007,-0.8746 
1.3170000000000002,-0.875 
1.3180000000000005,-0.8755 
1.3190000000000008,-0.8758 
1.3200000000000003,-0.8763 
1.3210000000000006,-0.8767 
1.322,-0.8771 
1.3230000000000004,-0.8775 
1.3240000000000007,-0.8779 
1.3250000000000002,-0.8783 
1.3260000000000005,-0.8787 
1.3270000000000008,-0.8791 
1.3280000000000003,-0.8795 
1.3290000000000006,-0.88 
1.33,-0.8804 
1.3310000000000004,-0.8808 
1.3320000000000007,-0.8812 
1.3330000000000002,-0.8816 
1.3340000000000005,-0.882 
1.3350000000000009,-0.8824 
1.3360000000000003,-0.8828 
1.3370000000000006,-0.8832 
1.338,-0.8836 
1.3390000000000004,-0.8841 
1.3400000000000007,-0.8844 
1.3410000000000002,-0.8848 
1.3420000000000005,-0.8853 
1.3430000000000009,-0.8857 
1.3440000000000003,-0.8861 
1.3450000000000006,-0.8865 
1.346,-0.8869 
1.3470000000000004,-0.8873 
1.3480000000000008,-0.8877 
1.3490000000000002,-0.8881 
1.3500000000000005,-0.8885 
1.3510000000000009,-0.889 
1.3520000000000003,-0.8894 
1.3530000000000006,-0.8898 
1.354,-0.8902 
1.3550000000000004,-0.8906 
1.3560000000000008,-0.891 
1.3570000000000002,-0.8914 
1.3580000000000005,-0.8919 
1.359,-0.8922 
1.3600000000000003,-0.8926 
1.3610000000000007,-0.893 
1.362,-0.8934 
1.3630000000000004,-0.8939 
1.3640000000000008,-0.8942 
1.3650000000000002,-0.8947 
1.3660000000000005,-0.8951 
1.367,-0.8955 
1.3680000000000003,-0.8959 
1.3690000000000007,-0.8963 
1.37,-0.8967 
1.3710000000000004,-0.8971 
1.3720000000000008,-0.8975 
1.3730000000000002,-0.8979 
1.3740000000000006,-0.8983 
1.375,-0.8988 
1.3760000000000003,-0.8992 
1.3770000000000007,-0.8996 
1.3780000000000001,-0.9 
1.3790000000000004,-0.9004 
1.3800000000000008,-0.9008 
1.3810000000000002,-0.9012 
1.3820000000000006,-0.9016 
1.383,-0.902 
1.3840000000000003,-0.9024 
1.3850000000000007,-0.9028 
1.3860000000000001,-0.9032 
1.3870000000000005,-0.9036 
1.3880000000000008,-0.904 
1.3890000000000002,-0.9045 
1.3900000000000006,-0.9048 
1.391,-0.9053 
1.3920000000000003,-0.9056 
1.3930000000000007,-0.906 
1.3940000000000001,-0.9065 
1.3950000000000005,-0.9069 
1.3960000000000008,-0.9073 
1.3970000000000002,-0.9076 
1.3980000000000006,-0.9081 
1.399,-0.9085 
1.4000000000000004,-0.9089 
1.4010000000000007,-0.9092 
1.4020000000000001,-0.9097 
1.4030000000000005,-0.9101 
1.4040000000000008,-0.9105 
1.4050000000000002,-0.9109 
1.4060000000000006,-0.9113 
1.407,-0.9117 
1.4080000000000004,-0.9121 
1.4090000000000007,-0.9125 
1.4100000000000001,-0.9129 
1.4110000000000005,-0.9133 
1.4120000000000008,-0.9137 
1.4130000000000003,-0.9141 
1.4140000000000006,-0.9145 
1.415,-0.9149 
1.4160000000000004,-0.9153 
1.4170000000000007,-0.9157 
1.4180000000000001,-0.9161 
1.4190000000000005,-0.9166 
1.4200000000000008,-0.917 
1.4210000000000003,-0.9174 
1.4220000000000006,-0.9177 
1.423,-0.9181 
1.4240000000000004,-0.9186 
1.4250000000000007,-0.919 
1.4260000000000002,-0.9194 
1.4270000000000005,-0.9198 
1.4280000000000008,-0.9202 
1.4290000000000003,-0.9206 
1.4300000000000006,-0.921 
1.431,-0.9214 
1.4320000000000004,-0.9218 
1.4330000000000007,-0.9222 
1.4340000000000002,-0.9226 
1.4350000000000005,-0.923 
1.4360000000000008,-0.9234 
1.4370000000000003,-0.9238 
1.4380000000000006,-0.9242 
1.439,-0.9246 
1.4400000000000004,-0.925 
1.4410000000000007,-0.9254 
1.4420000000000002,-0.9258 
1.4430000000000005,-0.9262 
1.4440000000000008,-0.9266 
1.4450000000000003,-0.927 
1.4460000000000006,-0.9274 
1.447,-0.9278 
1.4480000000000004,-0.9282 
1.4490000000000007,-0.9286 
1.4500000000000002,-0.929 
1.4510000000000005,-0.9294 
1.4520000000000008,-0.9298 
1.4530000000000003,-0.9302 
1.4540000000000006,-0.9306 
1.455,-0.931 
1.4560000000000004,-0.9314 
1.4570000000000007,-0.9319 
1.4580000000000002,-0.9322 
1.4590000000000005,-0.9326 
1.4600000000000009,-0.933 
1.4610000000000003,-0.9334 
1.4620000000000006,-0.9338 
1.463,-0.9342 
1.4640000000000004,-0.9346 
1.4650000000000007,-0.935 
1.4660000000000002,-0.9354 
1.4670000000000005,-0.9358 
1.4680000000000009,-0.9362 
1.4690000000000003,-0.9366 
1.4700000000000006,-0.9371 
1.471,-0.9375 
1.4720000000000004,-0.9378 
1.4730000000000008,-0.9382 
1.4740000000000002,-0.9386 
1.4750000000000005,-0.939 
1.4760000000000009,-0.9395 
1.4770000000000003,-0.9399 
1.4780000000000006,-0.9403 
1.479,-0.9406 
1.4800000000000004,-0.941 
1.4810000000000008,-0.9414 
1.4820000000000002,-0.9418 
1.4830000000000005,-0.9422 
1.484,-0.9426 
1.4850000000000003,-0.9431 
1.4860000000000007,-0.9434 
1.487,-0.9438 
1.4880000000000004,-0.9442 
1.4890000000000008,-0.9446 
1.4900000000000002,-0.945 
1.4910000000000005,-0.9454 
1.492,-0.9458 
1.4930000000000003,-0.9462 
1.4940000000000007,-0.9466 
1.495,-0.947 
1.4960000000000004,-0.9474 
1.4970000000000008,-0.9478 
1.4980000000000002,-0.9482 
1.4990000000000006,-0.9486 
1.5,-0.949 
1.5010000000000003,-0.9494 
1.5020000000000007,-0.9498 
1.5030000000000001,-0.9502 
1.5040000000000004,-0.9506 
1.5050000000000008,-0.9509 
1.5060000000000002,-0.9513 
1.5070000000000006,-0.9517 
1.508,-0.9521 
1.5090000000000003,-0.9525 
1.5100000000000007,-0.9529 
1.5110000000000001,-0.9534 
1.5120000000000005,-0.9537 
1.5130000000000008,-0.9541 
1.5140000000000002,-0.9545 
1.5150000000000006,-0.9549 
1.516,-0.9554 
1.5170000000000003,-0.9557 
1.5180000000000007,-0.9561 
1.5190000000000001,-0.9565 
1.5200000000000005,-0.9569 
1.5210000000000008,-0.9573 
1.5220000000000002,-0.9577 
1.5230000000000006,-0.9581 
1.524,-0.9585 
1.5250000000000004,-0.9589 
1.5260000000000007,-0.9593 
1.5270000000000001,-0.9597 
1.5280000000000005,-0.9601 
1.5290000000000008,-0.9605 
1.5300000000000002,-0.9609 
1.5310000000000006,-0.9613 
1.532,-0.9616 
1.5330000000000004,-0.962 
1.5340000000000007,-0.9624 
1.5350000000000001,-0.9628 
1.5360000000000005,-0.9632 
1.5370000000000008,-0.9636 
1.5380000000000003,-0.964 
1.5390000000000006,-0.9644 
1.54,-0.9648 
1.5410000000000004,-0.9652 
1.5420000000000007,-0.9656 
1.5430000000000001,-0.966 
1.5440000000000005,-0.9664 
1.5450000000000008,-0.9668 
1.5460000000000003,-0.9672 
1.5470000000000006,-0.9676 
1.548,-0.968 
1.5490000000000004,-0.9684 
1.5500000000000007,-0.9687 
1.5510000000000002,-0.9692 
1.5520000000000005,-0.9695 
1.5530000000000008,-0.9699 
1.5540000000000003,-0.9704 
1.5550000000000006,-0.9707 
1.556,-0.9711 
1.5570000000000004,-0.9715 
1.5580000000000007,-0.9719 
1.5590000000000002,-0.9723 
1.5600000000000005,-0.9727 
1.5610000000000008,-0.973 
1.5620000000000003,-0.9735 
1.5630000000000006,-0.9739 
1.564,-0.9742 
1.5650000000000004,-0.9746 
1.5660000000000007,-0.975 
1.5670000000000002,-0.9754 
1.5680000000000005,-0.9758 
1.5690000000000008,-0.9762 
1.5700000000000003,-0.9766 
1.5710000000000006,-0.977 
1.572,-0.9774 
1.5730000000000004,-0.9778 
1.5740000000000007,-0.9782 
1.5750000000000002,-0.9786 
1.5760000000000005,-0.979 
1.5770000000000008,-0.9794 
1.5780000000000003,-0.9797 
1.5790000000000006,-0.9802 
1.58,-0.9805 
1.5810000000000004,-0.9809 
1.5820000000000007,-0.9813 
1.5830000000000002,-0.9817 
1.5840000000000005,-0.9821 
1.5850000000000009,-0.9824 
1.5860000000000003,-0.9828 
1.5870000000000006,-0.9833 
1.588,-0.9836 
1.5890000000000004,-0.984 
1.5900000000000007,-0.9844 
1.5910000000000002,-0.9848 
1.5920000000000005,-0.9852 
1.5930000000000009,-0.9856 
1.5940000000000003,-0.9859 
1.5950000000000006,-0.9863 
1.596,-0.9868 
1.5970000000000004,-0.9871 
1.5980000000000008,-0.9875 
1.5990000000000002,-0.9879 
1.6000000000000005,-0.9883 
1.6010000000000009,-0.9887 
1.6020000000000003,-0.9891 
1.6030000000000006,-0.9895 
1.604,-0.9898 
1.6050000000000004,-0.9902 
1.6060000000000008,-0.9906 
1.6070000000000002,-0.991 
1.6080000000000005,-0.9914 
1.609,-0.9917 
1.6100000000000003,-0.9922 
1.6110000000000007,-0.9925 
1.612,-0.9929 
1.6130000000000004,-0.9933 
1.6140000000000008,-0.9937 
1.6150000000000002,-0.9941 
1.6160000000000005,-0.9945 
1.617,-0.9949 
1.6180000000000003,-0.9953 
1.6190000000000007,-0.9956 
1.62,-0.996 
1.6210000000000004,-0.9964 
1.6220000000000008,-0.9968 
1.6230000000000002,-0.9972 
1.6240000000000006,-0.9976 
1.625,-0.998 
1.6260000000000003,-0.9984 
1.6270000000000007,-0.9987 
1.6280000000000001,-0.9991 
1.6290000000000004,-0.9995 
1.6300000000000008,-0.9999 
